# E(eV) abs(cm^-1) abs**2
2.971499880813355254e-05 0.000000000000000000e+00 0.000000000000000000e+00
1.363540892729442344e-02 0.000000000000000000e+00 0.000000000000000000e+00
2.724110285578071333e-02 0.000000000000000000e+00 0.000000000000000000e+00
4.084679678426703098e-02 0.000000000000000000e+00 0.000000000000000000e+00
5.445249071275329311e-02 0.000000000000000000e+00 0.000000000000000000e+00
6.805818464123958300e-02 0.000000000000000000e+00 0.000000000000000000e+00
8.166387856972590065e-02 0.000000000000000000e+00 0.000000000000000000e+00
9.526957249821221829e-02 0.000000000000000000e+00 0.000000000000000000e+00
1.088752664266984804e-01 0.000000000000000000e+00 0.000000000000000000e+00
1.224809603551847981e-01 0.000000000000000000e+00 0.000000000000000000e+00
1.360866542836710602e-01 0.000000000000000000e+00 0.000000000000000000e+00
1.496923482121573779e-01 0.000000000000000000e+00 0.000000000000000000e+00
1.632980421406436400e-01 0.000000000000000000e+00 0.000000000000000000e+00
1.769037360691299576e-01 0.000000000000000000e+00 0.000000000000000000e+00
1.905094299976162753e-01 0.000000000000000000e+00 0.000000000000000000e+00
2.041151239261025929e-01 0.000000000000000000e+00 0.000000000000000000e+00
2.177208178545888551e-01 0.000000000000000000e+00 0.000000000000000000e+00
2.313265117830751172e-01 0.000000000000000000e+00 0.000000000000000000e+00
2.449322057115614348e-01 0.000000000000000000e+00 0.000000000000000000e+00
2.585378996400477525e-01 0.000000000000000000e+00 0.000000000000000000e+00
2.721435935685340701e-01 0.000000000000000000e+00 0.000000000000000000e+00
2.857492874970203878e-01 0.000000000000000000e+00 0.000000000000000000e+00
2.993549814255065944e-01 0.000000000000000000e+00 0.000000000000000000e+00
3.129606753539928565e-01 0.000000000000000000e+00 0.000000000000000000e+00
3.265663692824791742e-01 0.000000000000000000e+00 0.000000000000000000e+00
3.401720632109654918e-01 0.000000000000000000e+00 0.000000000000000000e+00
3.537777571394518095e-01 0.000000000000000000e+00 0.000000000000000000e+00
3.673834510679381271e-01 0.000000000000000000e+00 0.000000000000000000e+00
3.809891449964244448e-01 0.000000000000000000e+00 0.000000000000000000e+00
3.945948389249106514e-01 0.000000000000000000e+00 0.000000000000000000e+00
4.082005328533969690e-01 0.000000000000000000e+00 0.000000000000000000e+00
4.218062267818832867e-01 0.000000000000000000e+00 0.000000000000000000e+00
4.354119207103696043e-01 0.000000000000000000e+00 0.000000000000000000e+00
4.490176146388558109e-01 0.000000000000000000e+00 0.000000000000000000e+00
4.626233085673421286e-01 0.000000000000000000e+00 0.000000000000000000e+00
4.762290024958284462e-01 0.000000000000000000e+00 0.000000000000000000e+00
4.898346964243147639e-01 0.000000000000000000e+00 0.000000000000000000e+00
5.034403903528009705e-01 0.000000000000000000e+00 0.000000000000000000e+00
5.170460842812872881e-01 0.000000000000000000e+00 0.000000000000000000e+00
5.306517782097736058e-01 0.000000000000000000e+00 0.000000000000000000e+00
5.442574721382599234e-01 0.000000000000000000e+00 0.000000000000000000e+00
5.578631660667462411e-01 0.000000000000000000e+00 0.000000000000000000e+00
5.714688599952325587e-01 0.000000000000000000e+00 0.000000000000000000e+00
5.850745539237188764e-01 0.000000000000000000e+00 0.000000000000000000e+00
5.986802478522051940e-01 0.000000000000000000e+00 0.000000000000000000e+00
6.122859417806914006e-01 0.000000000000000000e+00 0.000000000000000000e+00
6.258916357091777183e-01 0.000000000000000000e+00 0.000000000000000000e+00
6.394973296376639249e-01 0.000000000000000000e+00 0.000000000000000000e+00
6.531030235661502426e-01 0.000000000000000000e+00 0.000000000000000000e+00
6.667087174946365602e-01 0.000000000000000000e+00 0.000000000000000000e+00
6.803144114231228778e-01 0.000000000000000000e+00 0.000000000000000000e+00
6.939201053516091955e-01 0.000000000000000000e+00 0.000000000000000000e+00
7.075257992800955131e-01 0.000000000000000000e+00 0.000000000000000000e+00
7.211314932085818308e-01 0.000000000000000000e+00 0.000000000000000000e+00
7.347371871370681484e-01 0.000000000000000000e+00 0.000000000000000000e+00
7.483428810655544661e-01 0.000000000000000000e+00 0.000000000000000000e+00
7.619485749940407837e-01 0.000000000000000000e+00 0.000000000000000000e+00
7.755542689225268793e-01 0.000000000000000000e+00 0.000000000000000000e+00
7.891599628510131970e-01 0.000000000000000000e+00 0.000000000000000000e+00
8.027656567794995146e-01 0.000000000000000000e+00 0.000000000000000000e+00
8.163713507079857212e-01 0.000000000000000000e+00 0.000000000000000000e+00
8.299770446364720389e-01 0.000000000000000000e+00 0.000000000000000000e+00
8.435827385649583565e-01 0.000000000000000000e+00 0.000000000000000000e+00
8.571884324934446742e-01 0.000000000000000000e+00 0.000000000000000000e+00
8.707941264219309918e-01 0.000000000000000000e+00 0.000000000000000000e+00
8.843998203504173095e-01 0.000000000000000000e+00 0.000000000000000000e+00
8.980055142789036271e-01 0.000000000000000000e+00 0.000000000000000000e+00
9.116112082073899447e-01 0.000000000000000000e+00 0.000000000000000000e+00
9.252169021358762624e-01 0.000000000000000000e+00 0.000000000000000000e+00
9.388225960643625800e-01 0.000000000000000000e+00 0.000000000000000000e+00
9.524282899928488977e-01 0.000000000000000000e+00 0.000000000000000000e+00
9.660339839213352153e-01 0.000000000000000000e+00 0.000000000000000000e+00
9.796396778498213109e-01 0.000000000000000000e+00 0.000000000000000000e+00
9.932453717783076286e-01 0.000000000000000000e+00 0.000000000000000000e+00
1.006851065706793946e+00 0.000000000000000000e+00 0.000000000000000000e+00
1.020456759635280264e+00 0.000000000000000000e+00 0.000000000000000000e+00
1.034062453563766582e+00 0.000000000000000000e+00 0.000000000000000000e+00
1.047668147492252899e+00 0.000000000000000000e+00 0.000000000000000000e+00
1.061273841420739217e+00 0.000000000000000000e+00 0.000000000000000000e+00
1.074879535349225534e+00 0.000000000000000000e+00 0.000000000000000000e+00
1.088485229277711630e+00 0.000000000000000000e+00 0.000000000000000000e+00
1.102090923206197948e+00 0.000000000000000000e+00 0.000000000000000000e+00
1.115696617134684265e+00 0.000000000000000000e+00 0.000000000000000000e+00
1.129302311063170583e+00 0.000000000000000000e+00 0.000000000000000000e+00
1.142908004991656901e+00 0.000000000000000000e+00 0.000000000000000000e+00
1.156513698920143218e+00 0.000000000000000000e+00 0.000000000000000000e+00
1.170119392848629536e+00 0.000000000000000000e+00 0.000000000000000000e+00
1.183725086777115854e+00 0.000000000000000000e+00 0.000000000000000000e+00
1.197330780705601949e+00 0.000000000000000000e+00 0.000000000000000000e+00
1.210936474634088267e+00 0.000000000000000000e+00 0.000000000000000000e+00
1.224542168562574584e+00 0.000000000000000000e+00 0.000000000000000000e+00
1.238147862491060902e+00 0.000000000000000000e+00 0.000000000000000000e+00
1.251753556419547220e+00 0.000000000000000000e+00 0.000000000000000000e+00
1.265359250348033537e+00 0.000000000000000000e+00 0.000000000000000000e+00
1.278964944276519855e+00 0.000000000000000000e+00 0.000000000000000000e+00
1.292570638205006173e+00 0.000000000000000000e+00 0.000000000000000000e+00
1.306176332133492490e+00 8.527916026103452701e-03 7.272535174827210328e-05
1.319782026061978808e+00 -2.575411784121186057e-02 6.632745857790271109e-04
1.333387719990465126e+00 1.036858899411080143e-01 1.075076377287956415e-02
1.346993413918951443e+00 -3.825871559659210219e-01 1.463729319100919857e-01
1.360599107847437761e+00 2.589580847464343361e+00 6.705928965554146970e+00
1.374204801775924079e+00 1.606110350904892670e+01 2.579590459283837731e+02
1.387810495704410396e+00 6.577355471692682443e+01 4.326160500100567333e+03
1.401416189632896714e+00 1.587346402211643692e+02 2.519668600614249226e+04
1.415021883561382809e+00 2.874679234205083844e+02 8.263780699569926946e+04
1.428627577489869127e+00 4.656156554164177237e+02 2.167979385688602342e+05
1.442233271418355445e+00 6.935924413117309086e+02 4.810704746447668876e+05
1.455838965346841540e+00 9.676863813564249313e+02 9.364169326626922702e+05
1.469444659275327858e+00 1.278070539108650337e+03 1.633464302937476197e+06
1.483050353203814176e+00 1.616415115156469710e+03 2.612797824506303295e+06
1.496656047132300493e+00 1.986265937401217798e+03 3.945252374080338515e+06
1.510261741060786811e+00 2.389306016796889253e+03 5.708783241901816800e+06
1.523867434989273129e+00 2.842493071861409135e+03 8.079766863580110483e+06
1.537473128917759446e+00 3.391719939896679534e+03 1.150376415069273487e+07
1.551078822846245764e+00 4.066354432524593449e+03 1.653523837091240846e+07
1.564684516774732082e+00 4.854101373044274624e+03 2.356230013979031146e+07
1.578290210703218399e+00 5.725182212109672946e+03 3.277771136185700819e+07
1.591895904631704717e+00 6.662256569137616680e+03 4.438566259301732481e+07
1.605501598560191034e+00 7.657950280048680725e+03 5.864420249169766903e+07
1.619107292488677352e+00 8.693617128135008898e+03 7.557897877060240507e+07
1.632712986417163670e+00 9.793665980023988595e+03 9.591589332827922702e+07
1.646318680345649987e+00 1.098134821541448036e+04 1.205900086281867921e+08
1.659924374274136305e+00 1.227570031089351505e+04 1.506928181228711307e+08
1.673530068202622623e+00 1.364331040280773232e+04 1.861399187473616898e+08
1.687135762131108940e+00 1.504753898954879878e+04 2.264284296419912875e+08
1.700741456059595258e+00 1.656410744199328838e+04 2.743696553498974442e+08
1.714347149988081576e+00 1.828606797738797104e+04 3.343802820736538172e+08
1.727952843916567449e+00 2.028155300329880629e+04 4.113413922256188393e+08
1.741558537845053767e+00 2.254962534461338873e+04 5.084856031824305058e+08
1.755164231773540084e+00 2.505376278269452450e+04 6.276910295715292692e+08
1.768769925702026402e+00 2.785457014621399867e+04 7.758770780303561687e+08
1.782375619630512720e+00 3.089521480645528572e+04 9.545142979370138645e+08
1.795981313558999037e+00 3.482771449679990474e+04 1.212969697070606232e+09
1.809587007487485133e+00 3.936975955359688669e+04 1.549977967308033228e+09
1.823192701415971451e+00 4.380300048249448446e+04 1.918702851269412041e+09
1.836798395344457768e+00 4.860619564317349432e+04 2.362562254902458191e+09
1.850404089272944086e+00 5.391209050465311157e+04 2.906513502581908226e+09
1.864009783201430404e+00 5.902193451083572290e+04 3.483588753401381016e+09
1.877615477129916721e+00 6.318811304916686640e+04 3.992737630714292049e+09
1.891221171058403039e+00 6.632522858119955345e+04 4.399035946348370552e+09
1.904826864986889357e+00 6.905807461582987162e+04 4.769017669645525932e+09
1.918432558915375674e+00 7.213800306294846814e+04 5.203891485909962654e+09
1.932038252843861992e+00 7.519405264261286356e+04 5.654145552820034981e+09
1.945643946772348309e+00 7.842449006807756086e+04 6.150400642437995911e+09
1.959249640700834627e+00 8.230387537099249312e+04 6.773927901083865166e+09
1.972855334629320945e+00 8.643916434910667886e+04 7.471729133371874809e+09
1.986461028557807262e+00 9.037624806439517124e+04 8.167866214197092056e+09
2.000066722486293358e+00 9.407600461839456693e+04 8.850294644960195541e+09
2.013672416414779676e+00 9.770115566014712385e+04 9.545515817328298569e+09
2.027278110343265993e+00 1.013832097026780393e+05 1.027855520961719131e+10
2.040883804271752311e+00 1.052900104705979174e+05 1.108598630489861870e+10
2.054489498200238629e+00 1.097651411070054019e+05 1.204838620224080658e+10
2.068095192128724946e+00 1.147960513048243738e+05 1.317813339517987061e+10
2.081700886057211264e+00 1.197008119587490946e+05 1.432828438358381081e+10
2.095306579985697581e+00 1.248627084844465717e+05 1.559069597007188606e+10
2.108912273914183899e+00 1.309978685587751679e+05 1.716044156694213486e+10
2.122517967842670217e+00 1.370625603561372554e+05 1.878614545137976837e+10
2.136123661771156534e+00 1.427118259579802107e+05 2.036666526826083374e+10
2.149729355699642852e+00 1.481143038384938554e+05 2.193784700156167603e+10
2.163335049628129170e+00 1.532306810358104412e+05 2.347964161069827652e+10
2.176940743556615487e+00 1.588136937973496388e+05 2.522178933755833054e+10
2.190546437485101805e+00 1.646927923908804078e+05 2.712371586550563431e+10
2.204152131413588123e+00 1.707156212266820949e+05 2.914382333081198883e+10
2.217757825342074440e+00 1.765665400121629646e+05 3.117574305186674500e+10
2.231363519270560758e+00 1.817288122374488739e+05 3.302536119723394775e+10
2.244969213199047076e+00 1.870971508817891008e+05 3.500534386808295441e+10
2.258574907127533393e+00 1.924652954407171637e+05 3.704288994908254242e+10
2.272180601056019711e+00 1.974516452370547631e+05 3.898715220681973267e+10
2.285786294984506029e+00 2.027336465085652599e+05 4.110093142665989685e+10
2.299391988912992346e+00 2.081894083833820769e+05 4.334282976302263641e+10
2.312997682841478664e+00 2.141906570509973099e+05 4.587763756793794250e+10
2.326603376769964981e+00 2.203573279342254973e+05 4.855735197431179810e+10
2.340209070698451299e+00 2.261830796772828326e+05 5.115878553230007172e+10
2.353814764626936729e+00 2.318667754522649630e+05 5.376220155863106537e+10
2.367420458555423046e+00 2.368981217248901376e+05 5.612072007678086090e+10
2.381026152483909364e+00 2.418604802980107197e+05 5.849649192998442841e+10
2.394631846412395682e+00 2.467382337081251899e+05 6.087975597340540314e+10
2.408237540340881999e+00 2.504375293043315178e+05 6.271895608405790710e+10
2.421843234269368317e+00 2.540229102588596870e+05 6.452763893638068390e+10
2.435448928197854634e+00 2.586700440017473302e+05 6.691019166386589813e+10
2.449054622126340952e+00 2.637305548507366912e+05 6.955380556187744141e+10
2.462660316054827270e+00 2.696745642643716419e+05 7.272437061117871094e+10
2.476266009983313587e+00 2.757828488321485929e+05 7.605617970997572327e+10
2.489871703911799905e+00 2.816378733585598529e+05 7.931989170993220520e+10
2.503477397840286223e+00 2.881859137710973737e+05 8.305112089608236694e+10
2.517083091768772540e+00 2.943628297326086904e+05 8.664947552818878174e+10
2.530688785697258858e+00 2.998260601025327924e+05 8.989566631660760498e+10
2.544294479625745176e+00 3.052221618612855091e+05 9.316056809127676392e+10
2.557900173554231493e+00 3.111693726646712166e+05 9.682637848452503967e+10
2.571505867482717811e+00 3.177568431857869145e+05 1.009694113913967743e+11
2.585111561411204129e+00 3.252006072478207643e+05 1.057554349543513794e+11
2.598717255339690446e+00 3.312423647397820023e+05 1.097215041984027710e+11
2.612322949268176764e+00 3.355116437312680064e+05 1.125680630792573090e+11
2.625928643196663081e+00 3.415727530586716603e+05 1.166719456320802917e+11
2.639534337125149399e+00 3.491890117925459635e+05 1.219329659566548004e+11
2.653140031053635717e+00 3.570858016920883092e+05 1.275102697700814209e+11
2.666745724982122034e+00 3.645473124175433186e+05 1.328947429908539276e+11
2.680351418910608352e+00 3.717962141735170735e+05 1.382324248737597656e+11
2.693957112839094670e+00 3.823199333846817026e+05 1.461685314632674561e+11
2.707562806767580987e+00 3.925491411559305270e+05 1.540948282222586670e+11
2.721168500696067305e+00 3.965316828521364368e+05 1.572373755055473022e+11
2.734774194624553623e+00 3.991137272763150395e+05 1.592917673003927917e+11
2.748379888553039940e+00 4.037052811277086148e+05 1.629779540104022522e+11
2.761985582481526258e+00 4.084981184113685740e+05 1.668707127456285095e+11
2.775591276410012576e+00 4.140647034405503655e+05 1.714495786353109131e+11
2.789196970338498893e+00 4.191126046464007813e+05 1.756553753734902344e+11
2.802802664266985211e+00 4.237853491446098778e+05 1.795940221496188965e+11
2.816408358195471529e+00 4.292005477945259772e+05 1.842131102271211853e+11
2.830014052123957846e+00 4.340445492004770203e+05 1.883946706906453247e+11
2.843619746052444164e+00 4.391771557653576019e+05 1.928765741461491699e+11
2.857225439980930481e+00 4.444407412607913720e+05 1.975275724924417114e+11
2.870831133909416799e+00 4.490426910227912595e+05 2.016393383609899902e+11
2.884436827837903117e+00 4.532373975390380365e+05 2.054241385279599915e+11
2.898042521766389434e+00 4.559074716732674860e+05 2.078516227275112000e+11
2.911648215694875752e+00 4.568137198876736220e+05 2.086787746776139526e+11
2.925253909623362070e+00 4.587213993358162697e+05 2.104253222086094055e+11
2.938859603551848387e+00 4.624693134402091964e+05 2.138778658738584595e+11
2.952465297480334705e+00 4.669066759648832958e+05 2.180018440605765381e+11
2.966070991408821023e+00 4.728605955514995730e+05 2.235971428253188477e+11
2.979676685337307340e+00 4.817025079366948921e+05 2.320373061525016174e+11
2.993282379265793658e+00 4.920105652844050783e+05 2.420743963514798279e+11
3.006888073194279087e+00 5.012353474706978304e+05 2.512368735540711975e+11
3.020493767122765405e+00 5.085842801579716615e+05 2.586579700238022156e+11
3.034099461051251723e+00 5.170032701268400415e+05 2.672923813218463440e+11
3.047705154979738040e+00 5.238006135778544703e+05 2.743670827845368347e+11
3.061310848908224358e+00 5.278211862935686950e+05 2.785952047003501587e+11
3.074916542836710676e+00 5.322142701016332721e+05 2.832520292998142700e+11
3.088522236765196993e+00 5.354350289933565073e+05 2.866906702731165161e+11
3.102127930693683311e+00 5.382745934592210688e+05 2.897395379636896973e+11
3.115733624622169629e+00 5.418970568704180187e+05 2.936524202448210449e+11
3.129339318550655946e+00 5.458759979572372977e+05 2.979806051458097534e+11
3.142945012479142264e+00 5.491429160137638682e+05 3.015579422080997314e+11
3.156550706407628581e+00 5.518289686053530313e+05 3.045152105920477295e+11
3.170156400336114899e+00 5.532986819074976956e+05 3.061394314005743408e+11
3.183762094264601217e+00 5.546136075093308464e+05 3.075962536345140991e+11
3.197367788193087534e+00 5.577127197181833908e+05 3.110434777354530029e+11
3.210973482121573852e+00 5.617015742603110848e+05 3.155086585265117798e+11
3.224579176050060170e+00 5.655918541467236355e+05 3.198941454771287231e+11
3.238184869978546487e+00 5.688414754161667079e+05 3.235806241536414185e+11
3.251790563907032805e+00 5.736742533765148837e+05 3.291021489871018066e+11
3.265396257835519123e+00 5.758898023025360890e+05 3.316490643960540771e+11
3.279001951764005440e+00 5.790647220261022449e+05 3.353159522951670532e+11
3.292607645692491758e+00 5.859678265490843914e+05 3.433582937506578369e+11
3.306213339620978076e+00 5.906980362178536598e+05 3.489241699916287842e+11
3.319819033549464393e+00 5.941217534627092537e+05 3.529806579376042480e+11
3.333424727477950711e+00 5.974391344498252729e+05 3.569335193721563721e+11
3.347030421406437029e+00 6.004900799809696618e+05 3.605883361555513306e+11
3.360636115334923346e+00 6.029591719520019833e+05 3.635597630410438843e+11
3.374241809263409664e+00 6.041004979479245376e+05 3.649374116209303589e+11
3.387847503191895981e+00 6.042401397514166310e+05 3.651061464868115234e+11
3.401453197120382299e+00 6.052129560014849994e+05 3.662827221120554199e+11
3.415058891048868617e+00 6.060420673197598662e+05 3.672869873612083740e+11
3.428664584977354934e+00 6.067725617341884645e+05 3.681729416734695435e+11
3.442270278905841252e+00 6.085802872468970018e+05 3.703699660255156860e+11
3.455875972834327570e+00 6.117905123209073208e+05 3.742876309658782349e+11
3.469481666762813887e+00 6.131610042220212054e+05 3.759664170985574951e+11
3.483087360691300205e+00 6.130282090889015235e+05 3.758035851387459717e+11
3.496693054619786523e+00 6.135305994394104928e+05 3.764197964484823608e+11
3.510298748548272840e+00 6.144839429494985379e+05 3.775905161427625732e+11
3.523904442476759158e+00 6.160404154629670084e+05 3.795057934837849731e+11
3.537510136405245476e+00 6.181115001195028890e+05 3.820618265799822388e+11
3.551115830333731793e+00 6.213129656553586246e+05 3.860298012914568481e+11
3.564721524262218111e+00 6.259447800784874707e+05 3.918068677075060425e+11
3.578327218190704428e+00 6.312076958388643106e+05 3.984231552862082520e+11
3.591932912119190746e+00 6.363846636398124974e+05 4.049854401159572754e+11
3.605538606047677064e+00 6.418821369771235622e+05 4.120126777703187866e+11
3.619144299976163381e+00 6.474754153363995720e+05 4.192244134650431519e+11
3.632749993904649699e+00 6.528971768583249068e+05 4.262747235495708008e+11
3.646355687833135129e+00 6.580094732174124802e+05 4.329764668438566895e+11
3.659961381761621446e+00 6.622848778073088033e+05 4.386212593722419434e+11
3.673567075690107764e+00 6.669303504984725732e+05 4.447960924160155029e+11
3.687172769618594081e+00 6.715623849608423188e+05 4.509960368942945557e+11
3.700778463547080399e+00 6.761663333896711702e+05 4.572009104096319580e+11
3.714384157475566717e+00 6.821188251487629022e+05 4.652860916223285522e+11
3.727989851404053034e+00 6.887285345729780383e+05 4.743469943350418091e+11
3.741595545332539352e+00 6.951929480646305019e+05 4.832932350387920532e+11
3.755201239261025670e+00 7.009999046310525155e+05 4.914008662927447510e+11
3.768806933189511987e+00 7.058378640934057767e+05 4.982070903879411621e+11
3.782412627117998305e+00 7.111207507224512519e+05 5.056927221080626831e+11
3.796018321046484623e+00 7.167744899913099362e+05 5.137656695023024902e+11
3.809624014974970052e+00 7.214789200409714831e+05 5.205318320634865112e+11
3.823229708903456370e+00 7.278015534589121817e+05 5.296951012172058105e+11
3.836835402831942687e+00 7.374531307435175404e+05 5.438371200434155884e+11
3.850441096760429005e+00 7.479827300749963615e+05 5.594781644904448242e+11
3.864046790688915323e+00 7.577007738870215835e+05 5.741104627489914551e+11
3.877652484617401640e+00 7.664176523502318887e+05 5.873960178340408936e+11
3.891258178545887958e+00 7.738006419393892866e+05 5.987674334658109131e+11
3.904863872474374276e+00 7.794469941638719756e+05 6.075376167110950928e+11
3.918469566402860593e+00 7.847148545439611189e+05 6.157774029419500732e+11
3.932075260331346911e+00 7.908109712676148629e+05 6.253819922772283936e+11
3.945680954259833229e+00 7.958124247174251359e+05 6.333174153346274414e+11
3.959286648188319546e+00 8.019500102910688147e+05 6.431238190058453369e+11
3.972892342116805864e+00 8.073408262671601260e+05 6.517992097577408447e+11
3.986498036045292181e+00 8.110034125811632257e+05 6.577265352182924805e+11
4.000103729973778499e+00 8.162152678068012465e+05 6.662073634009282227e+11
4.013709423902264817e+00 8.226701566043358762e+05 6.767861865674024658e+11
4.027315117830751134e+00 8.302369898612328107e+05 6.892934593338408203e+11
4.040920811759237452e+00 8.371609275512271561e+05 7.008384186184310303e+11
4.054526505687723770e+00 8.417809237749647582e+05 7.085951236314329834e+11
4.068132199616210087e+00 8.458926147521382663e+05 7.155343156922093506e+11
4.081737893544696405e+00 8.512295972445986699e+05 7.245918272252016602e+11
4.095343587473182723e+00 8.574726971157863736e+05 7.352594262990211182e+11
4.108949281401669040e+00 8.620571011564374203e+05 7.431424456542402344e+11
4.122554975330155358e+00 8.641867431036105845e+05 7.468187269560258789e+11
4.136160669258641676e+00 8.676402733733414207e+05 7.527996439793665771e+11
4.149766363187127993e+00 8.735398922880336177e+05 7.630719434185893555e+11
4.163372057115614311e+00 8.796650298687742325e+05 7.738105647740314941e+11
4.176977751044100629e+00 8.858825424305348424e+05 7.847878789831883545e+11
4.190583444972586946e+00 8.918398616683394648e+05 7.953783388606029053e+11
4.204189138901073264e+00 8.962524161058866885e+05 8.032683933756394043e+11
4.217794832829559581e+00 9.014899602001042804e+05 8.126841483415855713e+11
4.231400526758045899e+00 9.070256422783279559e+05 8.226955157504133301e+11
4.245006220686532217e+00 9.103726185495266691e+05 8.287783046047220459e+11
4.258611914615018534e+00 9.113466084115894046e+05 8.305526406633068848e+11
4.272217608543504852e+00 9.114022260009738384e+05 8.306540175595301514e+11
4.285823302471991170e+00 9.126053256205045618e+05 8.328484803509071045e+11
4.299428996400477487e+00 9.164991611198887695e+05 8.399707123334598389e+11
4.313034690328963805e+00 9.208775800414800178e+05 8.480155174230524902e+11
4.326640384257450123e+00 9.246699293516003527e+05 8.550144782470936279e+11
4.340246078185936440e+00 9.287503642269803677e+05 8.625772390517486572e+11
4.353851772114422758e+00 9.329644044368283357e+05 8.704225799461657715e+11
4.367457466042909076e+00 9.405388788597130915e+05 8.846133826466860352e+11
4.381063159971395393e+00 9.505431124650362181e+05 9.035322086547185059e+11
4.394668853899881711e+00 9.533926347503083525e+05 9.089575159961348877e+11
4.408274547828368028e+00 9.538761226087554824e+05 9.098796572831135254e+11
4.421880241756854346e+00 9.562657968622972257e+05 9.144442742486843262e+11
4.435485935685340664e+00 9.558176760100200772e+05 9.135874297731956787e+11
4.449091629613826981e+00 9.555326565647971584e+05 9.130426577617785645e+11
4.462697323542313299e+00 9.558551309669078328e+05 9.136590313957645264e+11
4.476303017470799617e+00 9.574792199798232177e+05 9.167664566931706543e+11
4.489908711399285046e+00 9.615484965552538633e+05 9.245755112276690674e+11
4.503514405327771364e+00 9.677930114357509883e+05 9.366233129838796387e+11
4.517120099256257681e+00 9.738802202499151463e+05 9.484426833940231934e+11
4.530725793184743999e+00 9.761055003590807319e+05 9.527819478312513428e+11
4.544331487113230317e+00 9.781263647205660818e+05 9.567311853614698486e+11
4.557937181041716634e+00 9.809073018182542874e+05 9.621791347603677979e+11
4.571542874970202952e+00 9.813586425613547908e+05 9.630647853298648682e+11
4.585148568898689270e+00 9.814577387738102116e+05 9.632592929990007324e+11
4.598754262827175587e+00 9.828422620477605378e+05 9.659789120671588135e+11
4.612359956755661905e+00 9.843899360394902760e+05 9.690235461758317871e+11
4.625965650684148223e+00 9.850265554257353069e+05 9.702773148938891602e+11
4.639571344612634540e+00 9.851195643950196682e+05 9.704605561538332520e+11
4.653177038541120858e+00 9.844933044846499106e+05 9.692270665751055908e+11
4.666782732469607176e+00 9.842761241831445368e+05 9.687994886369929199e+11
4.680388426398093493e+00 9.850297218272105092e+05 9.702835528829916992e+11
4.693994120326579811e+00 9.878332479050197871e+05 9.758145256665803223e+11
4.707599814255066129e+00 9.907319849352593301e+05 9.815498659737589111e+11
4.721205508183552446e+00 9.907259079679783899e+05 9.815378247189752197e+11
4.734811202112038764e+00 9.903728296281439252e+05 9.808383416656566162e+11
4.748416896040525081e+00 9.921806047187084332e+05 9.844223523799819336e+11
4.762022589969011399e+00 9.953607658478893572e+05 9.907430541892968750e+11
4.775628283897497717e+00 9.991225083044713829e+05 9.982457866006185303e+11
4.789233977825984034e+00 1.003492211143324501e+06 1.006996617825318604e+12
4.802839671754470352e+00 1.008440334147986374e+06 1.016951907536502441e+12
4.816445365682956670e+00 1.013508382573349867e+06 1.027199241546447754e+12
4.830051059611442987e+00 1.019793640656421427e+06 1.039979069523278442e+12
4.843656753539929305e+00 1.026354022965743439e+06 1.053402580457965820e+12
4.857262447468415623e+00 1.032902328154092887e+06 1.066887219506145386e+12
4.870868141396901940e+00 1.040168037373228697e+06 1.081949545972874512e+12
4.884473835325387370e+00 1.044238242326959851e+06 1.090433506738098511e+12
4.898079529253873687e+00 1.046759037798736244e+06 1.095704483213336182e+12
4.911685223182360005e+00 1.051067492582733743e+06 1.104742873964155029e+12
4.925290917110846323e+00 1.055501615838530473e+06 1.114083661037748779e+12
4.938896611039332640e+00 1.058429401483797235e+06 1.120272797925349121e+12
4.952502304967818958e+00 1.060416190864954842e+06 1.124482497848540283e+12
4.966107998896305276e+00 1.060402729470308637e+06 1.124453948668080566e+12
4.979713692824791593e+00 1.058619306558440439e+06 1.120674836218273193e+12
4.993319386753277911e+00 1.057122620424103923e+06 1.117508234612324219e+12
5.006925080681764229e+00 1.057080462458876194e+06 1.117419104112271484e+12
5.020530774610250546e+00 1.058672845646730391e+06 1.120788194109745850e+12
5.034136468538736864e+00 1.060233200173243647e+06 1.124094438749597412e+12
5.047742162467223181e+00 1.061823621001935098e+06 1.127469402117661133e+12
5.061347856395709499e+00 1.064239016634693602e+06 1.132604684527579590e+12
5.074953550324195817e+00 1.067679197583023226e+06 1.139938868951528320e+12
5.088559244252682134e+00 1.071791367059258511e+06 1.148736734502754150e+12
5.102164938181168452e+00 1.075908180057388963e+06 1.157578411914402832e+12
5.115770632109654770e+00 1.079158747056478169e+06 1.164583601348507812e+12
5.129376326038141087e+00 1.082572601182167884e+06 1.171963436830325195e+12
5.142982019966627405e+00 1.085583966926811961e+06 1.178492549248553467e+12
5.156587713895113723e+00 1.088549755609734450e+06 1.184940570438012695e+12
5.170193407823600040e+00 1.089938397426293697e+06 1.187965710184197266e+12
5.183799101752086358e+00 1.088292308204436908e+06 1.184380148096941162e+12
5.197404795680572676e+00 1.087050745555737056e+06 1.181679323413283691e+12
5.211010489609058993e+00 1.085242484961156733e+06 1.177751251164666504e+12
5.224616183537545311e+00 1.081929328605737770e+06 1.170571072097262451e+12
5.238221877466031629e+00 1.078817213802992599e+06 1.163846580797651855e+12
5.251827571394517946e+00 1.075636046426624293e+06 1.156992904372299072e+12
5.265433265323004264e+00 1.072303836329998914e+06 1.149835517408033203e+12
5.279038959251490581e+00 1.069298092786178226e+06 1.143398411236158203e+12
5.292644653179976899e+00 1.065784686587212142e+06 1.135896998163802002e+12
5.306250347108463217e+00 1.062194626318742055e+06 1.128257424180412109e+12
5.319856041036949534e+00 1.058880556371698622e+06 1.121228032662038086e+12
5.333461734965435852e+00 1.056122402290121187e+06 1.115394528619056641e+12
5.347067428893921281e+00 1.054438298070254968e+06 1.111840124437295898e+12
5.360673122822407599e+00 1.053716707604419673e+06 1.110318899884697998e+12
5.374278816750893917e+00 1.053403330508243525e+06 1.109658576725859863e+12
5.387884510679380234e+00 1.054039271853314945e+06 1.110998786609066406e+12
5.401490204607866552e+00 1.056255691913280636e+06 1.115676086699203125e+12
5.415095898536352870e+00 1.057311062213176396e+06 1.117906682278355469e+12
5.428701592464839187e+00 1.057330404201466357e+06 1.117947583648836182e+12
5.442307286393325505e+00 1.057510713963246904e+06 1.118328910147056152e+12
5.455912980321811823e+00 1.056684207776234252e+06 1.116581514963687744e+12
5.469518674250298140e+00 1.054862341499704169e+06 1.112734559514238525e+12
5.483124368178784458e+00 1.053371700982875889e+06 1.109591940431557373e+12
5.496730062107270776e+00 1.051426207464032574e+06 1.105497069742198975e+12
5.510335756035757093e+00 1.049040560379794333e+06 1.100486097321952881e+12
5.523941449964243411e+00 1.047519920254567405e+06 1.097297983330135254e+12
5.537547143892729729e+00 1.046472467504332075e+06 1.095104625244605347e+12
5.551152837821216046e+00 1.044851756215516012e+06 1.091715192466648071e+12
5.564758531749702364e+00 1.042314391514690709e+06 1.086419290758639893e+12
5.578364225678188681e+00 1.039849506524198223e+06 1.081286996218618530e+12
5.591969919606674999e+00 1.038119574242805364e+06 1.077692250426063477e+12
5.605575613535161317e+00 1.037161012315813801e+06 1.075702965467963623e+12
5.619181307463647634e+00 1.036579479933969793e+06 1.074497018220179321e+12
5.632787001392133952e+00 1.036526657619614271e+06 1.074387511956089111e+12
5.646392695320620270e+00 1.036421242922747973e+06 1.074168992781533813e+12
5.659998389249106587e+00 1.034991600459446432e+06 1.071207613021606445e+12
5.673604083177592905e+00 1.032342810163556831e+06 1.065731677696389526e+12
5.687209777106079223e+00 1.028827703259846545e+06 1.058486442994930908e+12
5.700815471034565540e+00 1.023543079185320414e+06 1.047640434948167114e+12
5.714421164963051858e+00 1.016825925806820858e+06 1.033934963392898315e+12
5.728026858891538176e+00 1.009337264181814739e+06 1.018761712866030518e+12
5.741632552820024493e+00 1.003398642823969014e+06 1.006808836420982910e+12
5.755238246748510811e+00 9.989902072743561585e+05 9.979814342300610352e+11
5.768843940676997128e+00 9.946622528326539323e+05 9.893529972101303711e+11
5.782449634605483446e+00 9.907987244025672553e+05 9.816821122777543945e+11
5.796055328533969764e+00 9.873577507590124151e+05 9.748753279838961182e+11
5.809661022462456081e+00 9.840197176630432950e+05 9.682948047496553955e+11
5.823266716390942399e+00 9.803077380153025733e+05 9.610032612126790771e+11
5.836872410319428717e+00 9.765010531354675768e+05 9.535543067746772461e+11
5.850478104247915034e+00 9.738646617144771153e+05 9.484123793362529297e+11
5.864083798176401352e+00 9.726793540603173897e+05 9.461051258151962891e+11
5.877689492104887670e+00 9.707100565605765441e+05 9.422780139078377686e+11
5.891295186033373987e+00 9.670466705532782944e+05 9.351792630281807861e+11
5.904900879961860305e+00 9.627644781199304853e+05 9.269154403295421143e+11
5.918506573890346623e+00 9.591062936159477104e+05 9.198848824537204590e+11
5.932112267818832940e+00 9.554783942481975537e+05 9.129389618751140137e+11
5.945717961747319258e+00 9.527004044469906949e+05 9.076380606334595947e+11
5.959323655675805576e+00 9.506203215401322814e+05 9.036789957250644531e+11
5.972929349604291893e+00 9.473657026562184328e+05 8.975017745693104248e+11
5.986535043532778211e+00 9.428431837759091286e+05 8.889532691926927490e+11
6.000140737461264528e+00 9.378262094323011115e+05 8.795179990981583252e+11
6.013746431389750846e+00 9.334471262796131196e+05 8.713235375596679688e+11
6.027352125318237164e+00 9.293624081417385023e+05 8.637144856670113525e+11
6.040957819246723481e+00 9.254498655556337908e+05 8.564574536569406738e+11
6.054563513175209799e+00 9.218354542206609622e+05 8.497806046582122803e+11
6.068169207103696117e+00 9.183298054795156932e+05 8.433296316320451660e+11
6.081774901032182434e+00 9.147677085533300415e+05 8.367999606119101562e+11
6.095380594960668752e+00 9.112221307720588520e+05 8.303257716087711182e+11
6.108986288889155070e+00 9.074989867208636133e+05 8.235544108993941650e+11
6.122591982817641387e+00 9.024242869597688550e+05 8.143695936948472900e+11
6.136197676746127705e+00 8.965319367422763025e+05 8.037695135988569336e+11
6.149803370674614023e+00 8.912493349836777197e+05 7.943253771088477783e+11
6.163409064603100340e+00 8.857195774505903246e+05 7.844991698792523193e+11
6.177014758531586658e+00 8.794598847879351815e+05 7.734496889512082520e+11
6.190620452460072087e+00 8.730719901833384065e+05 7.622547000426953125e+11
6.204226146388558405e+00 8.661496035965535557e+05 7.502151358104669189e+11
6.217831840317044723e+00 8.582450915048692841e+05 7.365846370922014160e+11
6.231437534245531040e+00 8.500664914072522661e+05 7.226130398134360352e+11
6.245043228174017358e+00 8.440534306492038304e+05 7.124261937906903076e+11
6.258648922102503676e+00 8.395599799814489670e+05 7.048609599864510498e+11
6.272254616030989993e+00 8.351705839161280310e+05 6.975099042388062744e+11
6.285860309959476311e+00 8.309165149218901061e+05 6.904222547699395752e+11
6.299466003887962628e+00 8.256990890539996326e+05 6.817789856646048584e+11
6.313071697816448946e+00 8.201500237653373042e+05 6.726460614822833252e+11
6.326677391744935264e+00 8.151962551464710850e+05 6.645449344048304443e+11
6.340283085673421581e+00 8.093608548533832654e+05 6.550649933689993896e+11
6.353888779601907899e+00 8.015772015359858051e+05 6.425260100222624512e+11
6.367494473530394217e+00 7.938191028435402550e+05 6.301487680393231201e+11
6.381100167458879646e+00 7.862575269285497488e+05 6.182008986517991943e+11
6.394705861387365964e+00 7.775609189174565254e+05 6.046009826277593994e+11
6.408311555315852281e+00 7.690489039296896663e+05 5.914362166354570312e+11
6.421917249244338599e+00 7.616474662754766177e+05 5.801068628838532715e+11
6.435522943172824917e+00 7.560519790259808069e+05 5.716145949891021729e+11
6.449128637101311234e+00 7.505164969776895596e+05 5.632750122356623535e+11
6.462734331029797552e+00 7.431545943339791847e+05 5.522787510797011719e+11
6.476340024958283870e+00 7.362728579459819011e+05 5.420977213479440308e+11
6.489945718886770187e+00 7.303232578139288817e+05 5.333720609039504395e+11
6.503551412815256505e+00 7.243012351571028121e+05 5.246122792501047363e+11
6.517157106743742823e+00 7.182063607027403777e+05 5.158203765538748169e+11
6.530762800672229140e+00 7.124649192351258826e+05 5.076062611407144165e+11
6.544368494600715458e+00 7.071015926200326066e+05 4.999926622857865601e+11
6.557974188529201776e+00 7.026803647055008914e+05 4.937596949426557617e+11
6.571579882457688093e+00 6.991592077739186352e+05 4.888235978150535278e+11
6.585185576386174411e+00 6.952469197971714893e+05 4.833682794874545898e+11
6.598791270314660729e+00 6.892847242210492259e+05 4.751134310444879150e+11
6.612396964243147046e+00 6.822844867132407380e+05 4.655121208095503540e+11
6.626002658171633364e+00 6.765041207952452824e+05 4.576578254529478149e+11
6.639608352100119681e+00 6.720040291522761108e+05 4.515894151968931885e+11
6.653214046028605999e+00 6.687498964823052520e+05 4.472264240450939941e+11
6.666819739957092317e+00 6.641313543267453788e+05 4.410704557998770142e+11
6.680425433885578634e+00 6.586125652314822655e+05 4.337705110807934570e+11
6.694031127814064952e+00 6.541793473959114635e+05 4.279506185593406372e+11
6.707636821742551270e+00 6.508579956209772499e+05 4.236161304637560425e+11
6.721242515671037587e+00 6.489086329512090888e+05 4.210824139186069946e+11
6.734848209599523905e+00 6.477192106832361314e+05 4.195401758881144409e+11
6.748453903528010223e+00 6.470431488418334629e+05 4.186648364631550293e+11
6.762059597456496540e+00 6.465381660990713863e+05 4.180116002227504272e+11
6.775665291384982858e+00 6.462617489211612847e+05 4.176542481186381226e+11
6.789270985313469176e+00 6.448745670075276867e+05 4.158632071731463013e+11
6.802876679241955493e+00 6.421581992780602304e+05 4.123671529000408936e+11
6.816482373170441811e+00 6.403221703033642843e+05 4.100124817820106812e+11
6.830088067098928128e+00 6.387538670503656613e+05 4.080065026717962036e+11
6.843693761027414446e+00 6.375286365572020877e+05 4.064427624304850464e+11
6.857299454955900764e+00 6.372758750545609510e+05 4.061205409265563965e+11
6.870905148884387081e+00 6.378149719191408949e+05 4.068079384042144775e+11
6.884510842812873399e+00 6.393493017703975784e+05 4.087675296742949219e+11
6.898116536741359717e+00 6.405153127741928911e+05 4.102598658982221680e+11
6.911722230669846034e+00 6.421138457821795018e+05 4.123101909451806030e+11
6.925327924598332352e+00 6.463741662813220173e+05 4.177995628358741455e+11
6.938933618526818670e+00 6.514005025313990191e+05 4.243226146981591797e+11
6.952539312455304987e+00 6.550720444895934779e+05 4.291193834717759399e+11
6.966145006383791305e+00 6.583789396180870244e+05 4.334628281326366577e+11
6.979750700312277623e+00 6.621190775385365123e+05 4.384016728404825439e+11
6.993356394240763940e+00 6.662847532278816216e+05 4.439353723839390869e+11
7.006962088169250258e+00 6.710701156482083024e+05 4.503351001160996704e+11
7.020567782097736576e+00 6.752148721073995112e+05 4.559151235150119019e+11
7.034173476026222893e+00 6.781542739639644278e+05 4.598932192955917358e+11
7.047779169954709211e+00 6.819114990344545804e+05 4.650032925154169312e+11
7.061384863883195528e+00 6.870362131974190706e+05 4.720187582446494751e+11
7.074990557811681846e+00 6.925934385446677916e+05 4.796856711151265259e+11
7.088596251740168164e+00 6.977609712185387034e+05 4.868703729558383789e+11
7.102201945668654481e+00 7.021685329024372622e+05 4.930406485983611450e+11
7.115807639597140799e+00 7.067566994721718365e+05 4.995050322487977905e+11
7.129413333525627117e+00 7.121663106445174199e+05 5.071808540170233154e+11
7.143019027454113434e+00 7.186018037903382210e+05 5.163885524107277222e+11
7.156624721382599752e+00 7.265652881180722034e+05 5.278971178980972900e+11
7.170230415311086070e+00 7.343124175911634229e+05 5.392147266285791626e+11
7.183836109239572387e+00 7.418958534578728722e+05 5.504094573779855957e+11
7.197441803168058705e+00 7.499923930619724561e+05 5.624885896508242188e+11
7.211047497096545023e+00 7.583852520263065817e+05 5.751481904910045166e+11
7.224653191025031340e+00 7.662803076165515231e+05 5.871855098409168701e+11
7.238258884953517658e+00 7.731044845450279536e+05 5.976905440236334229e+11
7.251864578882003975e+00 7.803324120325159747e+05 6.089186732684842529e+11
7.265470272810490293e+00 7.864175917634859215e+05 6.184526286350808105e+11
7.279075966738976611e+00 7.909846138514508493e+05 6.256566593497287598e+11
7.292681660667462928e+00 7.957432531232237816e+05 6.332073248911309814e+11
7.306287354595949246e+00 8.015834867889822926e+05 6.425360862927825928e+11
7.319893048524435564e+00 8.079069087048661895e+05 6.527135731330529785e+11
7.333498742452921881e+00 8.131361836009732215e+05 6.611904530811556396e+11
7.347104436381408199e+00 8.176147729913349031e+05 6.684939170136721191e+11
7.360710130309894517e+00 8.218091677394092549e+05 6.753703081805405273e+11
7.374315824238380834e+00 8.252227263977682451e+05 6.809925481633658447e+11
7.387921518166867152e+00 8.271066325655274559e+05 6.841053816338864746e+11
7.401527212095353470e+00 8.288581116985306144e+05 6.870057693284538574e+11
7.415132906023839787e+00 8.323838293137454893e+05 6.928628393030145264e+11
7.428738599952326105e+00 8.360377739119959297e+05 6.989591594077255859e+11
7.442344293880812423e+00 8.434618145765485242e+05 7.114278326487639160e+11
7.455949987809298740e+00 8.521623632457824424e+05 7.261806933326368408e+11
7.469555681737783281e+00 8.561979116299356101e+05 7.330748638794630127e+11
7.483161375666269599e+00 8.600657765740643954e+05 7.397131400339484863e+11
7.496767069594755917e+00 8.640862660987467971e+05 7.466450752604742432e+11
7.510372763523242234e+00 8.654547159079776611e+05 7.490118652873582764e+11
7.523978457451728552e+00 8.648548340909023536e+05 7.479738840504022217e+11
7.537584151380214870e+00 8.639991998678388773e+05 7.464946173722657471e+11
7.551189845308701187e+00 8.655568237381674116e+05 7.491886151197049561e+11
7.564795539237187505e+00 8.666923618994319113e+05 7.511556501748157959e+11
7.578401233165673823e+00 8.673959455707505113e+05 7.523757263925764160e+11
7.592006927094160140e+00 8.728518340651823673e+05 7.618703242309526367e+11
7.605612621022646458e+00 8.787488907511244761e+05 7.721996129963316650e+11
7.619218314951132776e+00 8.815185296126179164e+05 7.770749180503919678e+11
7.632824008879619093e+00 8.852192271880063927e+05 7.836130801833312988e+11
7.646429702808105411e+00 8.914046177207684377e+05 7.946021924939093018e+11
7.660035396736591728e+00 8.939742871117047034e+05 7.991900260168806152e+11
7.673641090665078046e+00 8.963869570322287036e+05 8.035095767374986572e+11
7.687246784593564364e+00 9.017801532351592323e+05 8.132074447688272705e+11
7.700852478522050681e+00 9.045290668791336939e+05 8.181728328292363281e+11
7.714458172450536999e+00 9.064209235688885674e+05 8.215988906834769287e+11
7.728063866379023317e+00 9.088674996943253791e+05 8.260401320006145020e+11
7.741669560307509634e+00 9.138915954931137385e+05 8.351978483129489746e+11
7.755275254235995952e+00 9.182881719165863469e+05 8.432531666819060059e+11
7.768880948164482270e+00 9.192290340419879649e+05 8.449820170257662354e+11
7.782486642092968587e+00 9.190655458189101191e+05 8.446814775114111328e+11
7.796092336021454905e+00 9.190788359430495184e+05 8.447059066784309082e+11
7.809698029949940334e+00 9.214428234291023109e+05 8.490568768489958496e+11
7.823303723878426652e+00 9.240318649222988170e+05 8.538348873917814941e+11
7.836909417806912970e+00 9.273911161952124676e+05 8.600542823978021240e+11
7.850515111735399287e+00 9.307971839667982422e+05 8.663833976805216064e+11
7.864120805663885605e+00 9.326489276155461557e+05 8.698340221824282227e+11
7.877726499592371923e+00 9.354710305100585101e+05 8.751060489235507812e+11
7.891332193520858240e+00 9.391806799385680351e+05 8.820603495698709717e+11
7.904937887449344558e+00 9.422378484837434953e+05 8.878121631152739258e+11
7.918543581377830876e+00 9.459833123042470543e+05 8.948844271581146240e+11
7.932149275306317193e+00 9.523139030715861591e+05 9.069017699834383545e+11
7.945754969234803511e+00 9.584858223426436307e+05 9.186950716318537598e+11
7.959360663163289829e+00 9.618744875404424965e+05 9.252025297811888428e+11
7.972966357091776146e+00 9.651662576404693536e+05 9.315459048877088623e+11
7.986572051020262464e+00 9.700808510939169209e+05 9.410568576590982666e+11
8.000177744948748781e+00 9.783316104954631301e+05 9.571327400946466064e+11
8.013783438877235099e+00 9.849882945569895674e+05 9.702019404142868652e+11
8.027389132805721417e+00 9.867325818711998872e+05 9.736411881262042236e+11
8.040994826734207734e+00 9.927901460019035731e+05 9.856322739984809570e+11
8.054600520662694052e+00 1.000236364121478633e+06 1.000472784110955200e+12
8.068206214591180370e+00 1.004291419939574203e+06 1.008601256164246216e+12
8.081811908519666687e+00 1.007879954426684068e+06 1.015822002535134766e+12
8.095417602448153005e+00 1.010059496939349570e+06 1.020220187357371948e+12
8.109023296376639323e+00 1.010517082587951096e+06 1.021144774202063965e+12
8.122628990305125640e+00 1.006130230180742336e+06 1.012298040083553589e+12
8.136234684233611958e+00 1.001474226599919377e+06 1.002950626543906616e+12
8.149840378162098276e+00 9.996710478251209715e+05 9.993422038597752686e+11
8.163446072090584593e+00 9.960387730878426228e+05 9.920932374943348389e+11
8.177051766019070911e+00 9.926737511967899045e+05 9.854011763151063232e+11
8.190657459947557228e+00 9.922145968953622505e+05 9.844898062922261963e+11
8.204263153876043546e+00 9.954457566249090014e+05 9.909122543825375977e+11
8.217868847804529864e+00 1.000371637087261188e+06 1.000743412288646973e+12
8.231474541733016181e+00 1.005111095987030421e+06 1.010248315276249512e+12
8.245080235661502499e+00 1.006365748845799011e+06 1.012772020449965820e+12
8.258685929589988817e+00 1.003616489158952842e+06 1.007246057311742554e+12
8.272291623518475134e+00 1.003146819509946276e+06 1.006303541492920776e+12
8.285897317446961452e+00 1.005652982201994862e+06 1.011337920611765747e+12
8.299503011375447770e+00 1.006956469244085602e+06 1.013961330952515137e+12
8.313108705303934087e+00 1.008403974231478176e+06 1.016878575245839722e+12
8.326714399232420405e+00 1.011681599104683264e+06 1.023499657967009033e+12
8.340320093160906723e+00 1.015360737369235489e+06 1.030957426990997559e+12
8.353925787089393040e+00 1.019378603244068916e+06 1.039132736751828857e+12
8.367531481017879358e+00 1.024494194797801785e+06 1.049588355174396240e+12
8.381137174946365676e+00 1.028868017409143038e+06 1.058569397247420654e+12
8.394742868874851993e+00 1.029361372670386569e+06 1.059584835545862427e+12
8.408348562803338311e+00 1.028350350953937741e+06 1.057504444307086914e+12
8.421954256731824628e+00 1.029819079455345520e+06 1.060527336410255249e+12
8.435559950660310946e+00 1.031358381284586503e+06 1.063700110645962524e+12
8.449165644588797264e+00 1.032393931126890937e+06 1.065837229027635620e+12
8.462771338517283581e+00 1.034409351768292021e+06 1.070002707025698120e+12
8.476377032445769899e+00 1.037417851498066797e+06 1.076235798606864990e+12
8.489982726374256217e+00 1.040480568611913361e+06 1.082599813658970581e+12
8.503588420302742534e+00 1.042795040587955387e+06 1.087421496674835571e+12
8.517194114231228852e+00 1.044834361170035554e+06 1.091678842281596313e+12
8.530799808159715170e+00 1.047053672914218507e+06 1.096321393963155273e+12
8.544405502088201487e+00 1.048440672940328717e+06 1.099227844675569336e+12
8.558011196016687805e+00 1.049263057910586009e+06 1.100952964695873779e+12
8.571616889945174123e+00 1.051646271546214120e+06 1.105959880457053467e+12
8.585222583873660440e+00 1.054397445467210142e+06 1.111753973007778320e+12
8.598828277802146758e+00 1.057096708504134789e+06 1.117453451130275635e+12
8.612433971730633075e+00 1.061763726496755378e+06 1.127342210904276855e+12
8.626039665659119393e+00 1.065509684208502760e+06 1.135310887142103271e+12
8.639645359587605711e+00 1.067258529998088023e+06 1.139040769853679688e+12
8.653251053516092028e+00 1.070729312716813060e+06 1.146461261111018799e+12
8.666856747444578346e+00 1.075136458798039472e+06 1.155918405036788330e+12
8.680462441373064664e+00 1.078528418502753368e+06 1.163223549518050293e+12
8.694068135301550981e+00 1.081323722906685900e+06 1.169260993720775146e+12
8.707673829230037299e+00 1.084371794041462941e+06 1.175862187712700928e+12
8.721279523158523617e+00 1.085802216000831919e+06 1.178966452272317139e+12
8.734885217087009934e+00 1.085852285775426077e+06 1.179075186523717529e+12
8.748490911015496252e+00 1.087047520380113507e+06 1.181672311564553223e+12
8.762096604943982570e+00 1.088981136928444961e+06 1.185879916585968506e+12
8.775702298872468887e+00 1.090385027850949205e+06 1.188939508961515381e+12
8.789307992800955205e+00 1.091796213978339452e+06 1.192018972857436035e+12
8.802913686729441523e+00 1.093220010101041291e+06 1.195129990485320801e+12
8.816519380657927840e+00 1.094529235843532020e+06 1.197994248116226074e+12
8.830125074586414158e+00 1.097115151899126125e+06 1.203661656526642578e+12
8.843730768514900475e+00 1.100954130934013752e+06 1.212099998420669434e+12
8.857336462443386793e+00 1.104159768174614990e+06 1.219168793655419434e+12
8.870942156371873111e+00 1.106114822290777229e+06 1.223490000091357666e+12
8.884547850300359428e+00 1.106760212502477225e+06 1.224918167978528564e+12
8.898153544228845746e+00 1.107281618016499327e+06 1.226072581597236816e+12
8.911759238157332064e+00 1.109681302244711667e+06 1.231392592551519043e+12
8.925364932085818381e+00 1.114149719796748366e+06 1.241329598123172852e+12
8.938970626014304699e+00 1.120126072105903411e+06 1.254682417411399414e+12
8.952576319942791017e+00 1.125901569112611469e+06 1.267654343330240723e+12
8.966182013871277334e+00 1.131029783453463810e+06 1.279228371058789307e+12
8.979787707799763652e+00 1.135550733520583017e+06 1.289475468399134033e+12
8.993393401728249970e+00 1.137828472039457178e+06 1.294653631783645752e+12
9.006999095656736287e+00 1.142894762465355219e+06 1.306208438070740723e+12
9.020604789585222605e+00 1.150347084329722449e+06 1.323298414425893555e+12
9.034210483513708922e+00 1.157635607538763667e+06 1.340120199841642578e+12
9.047816177442195240e+00 1.165202648225658573e+06 1.357697211432087891e+12
9.061421871370681558e+00 1.169848857164295856e+06 1.368546348608609131e+12
9.075027565299167875e+00 1.171772786413531518e+06 1.373051462979331787e+12
9.088633259227654193e+00 1.175600347806992941e+06 1.382036177763922852e+12
9.102238953156140511e+00 1.180588157769216225e+06 1.393788398264911865e+12
9.115844647084626828e+00 1.183273722324262606e+06 1.400136701943116211e+12
9.129450341013113146e+00 1.185274036143379053e+06 1.404874540755616211e+12
9.143056034941599464e+00 1.187012936295862077e+06 1.408999710933724365e+12
9.156661728870085781e+00 1.189361781598593341e+06 1.414581447527380127e+12
9.170267422798570323e+00 1.192589084098532563e+06 1.422268723510976807e+12
9.183873116727056640e+00 1.197667740743222879e+06 1.434408017216975830e+12
9.197478810655542958e+00 1.203923074809696293e+06 1.449430770059233643e+12
9.211084504584029276e+00 1.208777692465381697e+06 1.461143509801932861e+12
9.224690198512515593e+00 1.212182735706091393e+06 1.469386984743903809e+12
9.238295892441001911e+00 1.215135690460093087e+06 1.476554746229927246e+12
9.251901586369488228e+00 1.217556848942090524e+06 1.482444680405792725e+12
9.265507280297974546e+00 1.220099071457725484e+06 1.488641744172003906e+12
9.279112974226460864e+00 1.222723009996445850e+06 1.495051559174768555e+12
9.292718668154947181e+00 1.224613043697801186e+06 1.499677106794792725e+12
9.306324362083433499e+00 1.225495724177176133e+06 1.501839769976541260e+12
9.319930056011919817e+00 1.226241151610682718e+06 1.503667361903493408e+12
9.333535749940406134e+00 1.229607247568065301e+06 1.511933983271913330e+12
9.347141443868892452e+00 1.233083987913029036e+06 1.520496121247499023e+12
9.360747137797378770e+00 1.236632854470395483e+06 1.529260816755598389e+12
9.374352831725865087e+00 1.241914939376096474e+06 1.542352716645533447e+12
9.387958525654351405e+00 1.246343507083768258e+06 1.553372137649867188e+12
9.401564219582837723e+00 1.250099294857083820e+06 1.562748247002178223e+12
9.415169913511324040e+00 1.251857056137402309e+06 1.567146089001003174e+12
9.428775607439810358e+00 1.251055217769300332e+06 1.565139157907791504e+12
9.442381301368296675e+00 1.249716518139063148e+06 1.561791375709623291e+12
9.455986995296782993e+00 1.249333780004259897e+06 1.560834893859732422e+12
9.469592689225269311e+00 1.248850685586081119e+06 1.559628034888824951e+12
9.483198383153755628e+00 1.249025023323419737e+06 1.560063508888069336e+12
9.496804077082241946e+00 1.250146048650571844e+06 1.562865142956637939e+12
9.510409771010728264e+00 1.251809612777282950e+06 1.567027306641611084e+12
9.524015464939214581e+00 1.255099535322603770e+06 1.575274843567015869e+12
9.537621158867700899e+00 1.257524800649181241e+06 1.581368624247762939e+12
9.551226852796187217e+00 1.258730085851514479e+06 1.584401429027760986e+12
9.564832546724673534e+00 1.260572634680749150e+06 1.589043367305965576e+12
9.578438240653159852e+00 1.262583333746700780e+06 1.594116674654932861e+12
9.592043934581646170e+00 1.264871421347536845e+06 1.599899712541738037e+12
9.605649628510132487e+00 1.269604308264754014e+06 1.611895099564424561e+12
9.619255322438618805e+00 1.276504327420323156e+06 1.629463297922811523e+12
9.632861016367105123e+00 1.283279819468778325e+06 1.646807095055820312e+12
9.646466710295591440e+00 1.289048674444749253e+06 1.661646485087765137e+12
9.660072404224077758e+00 1.293454143471474294e+06 1.673023621263525146e+12
9.673678098152564075e+00 1.297267239066533279e+06 1.682902289555305908e+12
9.687283792081050393e+00 1.300707403069127584e+06 1.691839748398833984e+12
9.700889486009536711e+00 1.303663285299063660e+06 1.699537961436747803e+12
9.714495179938023028e+00 1.306624146084558684e+06 1.707266659131202148e+12
9.728100873866509346e+00 1.308802695577871986e+06 1.712964495951903809e+12
9.741706567794995664e+00 1.310892612236267189e+06 1.718439440815624268e+12
9.755312261723481981e+00 1.314742427060812013e+06 1.728547649513754639e+12
9.768917955651968299e+00 1.319160528729970567e+06 1.740184500559135498e+12
9.782523649580454617e+00 1.322879586052320199e+06 1.750010399193958008e+12
9.796129343508940934e+00 1.326045315267107915e+06 1.758396178141843506e+12
9.809735037437427252e+00 1.329007858147443738e+06 1.766261887017656006e+12
9.823340731365913570e+00 1.331967501904663164e+06 1.774137426130148926e+12
9.836946425294399887e+00 1.334136019897061400e+06 1.779918919586772217e+12
9.850552119222886205e+00 1.336234526325589512e+06 1.785522709344572510e+12
9.864157813151372522e+00 1.338442047368279193e+06 1.791427114163390869e+12
9.877763507079858840e+00 1.341024063785459846e+06 1.798345539651669189e+12
9.891369201008345158e+00 1.343903865479299799e+06 1.806077599650203857e+12
9.904974894936831475e+00 1.345952235905299429e+06 1.811587421338474854e+12
9.918580588865317793e+00 1.348289708060367964e+06 1.817885136861512207e+12
9.932186282793804111e+00 1.351459826520366129e+06 1.826443662698458008e+12
9.945791976722288652e+00 1.353378153830965515e+06 1.831632427266912598e+12
9.959397670650774970e+00 1.354051058314248221e+06 1.833454268521935547e+12
9.973003364579261287e+00 1.354495004728297703e+06 1.834656717833911133e+12
9.986609058507747605e+00 1.355360083483377937e+06 1.837000955900069092e+12
1.000021475243623392e+01 1.357928629058879800e+06 1.843970161617728760e+12
1.001382044636472024e+01 1.360969804316770984e+06 1.852238808262029785e+12
1.002742614029320656e+01 1.364031796006993856e+06 1.860582740518065186e+12
1.004103183422169288e+01 1.368172860130253481e+06 1.871896975196998047e+12
1.005463752815017919e+01 1.371978826369975694e+06 1.882325900007535889e+12
1.006824322207866551e+01 1.375669932723916136e+06 1.892467763800624023e+12
1.008184891600715183e+01 1.379657471684271935e+06 1.903454739174237549e+12
1.009545460993563815e+01 1.382849399184938986e+06 1.912272460826146729e+12
1.010906030386412446e+01 1.384459538420661120e+06 1.916728213523949951e+12
1.012266599779261078e+01 1.385152241915482329e+06 1.918646733283486816e+12
1.013627169172109710e+01 1.386182151602962287e+06 1.921500957422617920e+12
1.014987738564958342e+01 1.387730670130188810e+06 1.925796412819982910e+12
1.016348307957806973e+01 1.390607399294432951e+06 1.933788938972426514e+12
1.017708877350655605e+01 1.393030748056913028e+06 1.940534665032002686e+12
1.019069446743504237e+01 1.392917349211065797e+06 1.940218741733182129e+12
1.020430016136352869e+01 1.391976140740454197e+06 1.937597576390688721e+12
1.021790585529201500e+01 1.391423121585730929e+06 1.936058303283379639e+12
1.023151154922050132e+01 1.391933330991024151e+06 1.937478397923768066e+12
1.024511724314898764e+01 1.394441456543181324e+06 1.944466975726269043e+12
1.025872293707747396e+01 1.397800735624047462e+06 1.953846896511128174e+12
1.027232863100596028e+01 1.401061719795981655e+06 1.962973942677673828e+12
1.028593432493444659e+01 1.403772332025863463e+06 1.970576760161331055e+12
1.029954001886293291e+01 1.405632309280602261e+06 1.975802188893518799e+12
1.031314571279141923e+01 1.407889249881912256e+06 1.982152139933053467e+12
1.032675140671990555e+01 1.411004495650111465e+06 1.990933686744825439e+12
1.034035710064839186e+01 1.414689780976178590e+06 2.001347176398428223e+12
1.035396279457687818e+01 1.416422868108428083e+06 2.006253741300505371e+12
1.036756848850536450e+01 1.416464808370312210e+06 2.006372553351545410e+12
1.038117418243385082e+01 1.418124582702544285e+06 2.011077332065265381e+12
1.039477987636233713e+01 1.419675217772094533e+06 2.015477723956244141e+12
1.040838557029082345e+01 1.420358405947764171e+06 2.017418001346473633e+12
1.042199126421930977e+01 1.422321895310123218e+06 2.022999573878581055e+12
1.043559695814779609e+01 1.427193612155784620e+06 2.036881606578276123e+12
1.044920265207628240e+01 1.430888281463502673e+06 2.047441274029575928e+12
1.046280834600476872e+01 1.431148849486355437e+06 2.048187029386118896e+12
1.047641403993325504e+01 1.431302894686925923e+06 2.048627976339173340e+12
1.049001973386174136e+01 1.432121517781293718e+06 2.050972041692196289e+12
1.050362542779022768e+01 1.433373957454637391e+06 2.054560901909168701e+12
1.051723112171871399e+01 1.435702475344397826e+06 2.061241597710031250e+12
1.053083681564720031e+01 1.438400650843050797e+06 2.068996432345712158e+12
1.054444250957568663e+01 1.440278558003363898e+06 2.074402324644249268e+12
1.055804820350417295e+01 1.442738254896151135e+06 2.081493672140791504e+12
1.057165389743265926e+01 1.446601652966357535e+06 2.092656342364997803e+12
1.058525959136114558e+01 1.449022903380700387e+06 2.099667374521834473e+12
1.059886528528963190e+01 1.448472671374515630e+06 2.098073079718825439e+12
1.061247097921811822e+01 1.447632437961532967e+06 2.095639675438451660e+12
1.062607667314660453e+01 1.447036401515129255e+06 2.093914347309854248e+12
1.063968236707509085e+01 1.446137101736628450e+06 2.091312517019215576e+12
1.065328806100357717e+01 1.445595076499009505e+06 2.089745125198177246e+12
1.066689375493206349e+01 1.444417212067604065e+06 2.086341082517149902e+12
1.068049944886054980e+01 1.442817185108319856e+06 2.081721429643895752e+12
1.069410514278903612e+01 1.440988314340694575e+06 2.076447322066436279e+12
1.070771083671752244e+01 1.438282959716788726e+06 2.068657872211685791e+12
1.072131653064600876e+01 1.435675131466725376e+06 2.061163083111999268e+12
1.073492222457449508e+01 1.433703525998400990e+06 2.055505800460247559e+12
1.074852791850298139e+01 1.431869547714938875e+06 2.050250401673383545e+12
1.076213361243146771e+01 1.430456954520530999e+06 2.046207098736152588e+12
1.077573930635995403e+01 1.430463820427591912e+06 2.046226741552302002e+12
1.078934500028844035e+01 1.431086886113906512e+06 2.048009675607197266e+12
1.080295069421692666e+01 1.431489883607199416e+06 2.049163286869753418e+12
1.081655638814541298e+01 1.431127804891727865e+06 2.048126793934215576e+12
1.083016208207389930e+01 1.429560200056013651e+06 2.043642365584189697e+12
1.084376777600238562e+01 1.427924813836590154e+06 2.038969273970260742e+12
1.085737346993087193e+01 1.426257519153349102e+06 2.034210510941466064e+12
1.087097916385935648e+01 1.424305620116476202e+06 2.028646499495379883e+12
1.088458485778784279e+01 1.422463213816242525e+06 2.023401594660433350e+12
1.089819055171632911e+01 1.421246836596775334e+06 2.019942570536341064e+12
1.091179624564481543e+01 1.421115407115889713e+06 2.019569000342160889e+12
1.092540193957330175e+01 1.420427188258525217e+06 2.017613397144019775e+12
1.093900763350178806e+01 1.419223091407807777e+06 2.014194183185134766e+12
1.095261332743027438e+01 1.418508592730104923e+06 2.012166627649142578e+12
1.096621902135876070e+01 1.418177224353366531e+06 2.011226639674618896e+12
1.097982471528724702e+01 1.418281392906730529e+06 2.011522109465455811e+12
1.099343040921573333e+01 1.418585785521532875e+06 2.012385630883744385e+12
1.100703610314421965e+01 1.418529772540149279e+06 2.012226715582807617e+12
1.102064179707270597e+01 1.418197617669579107e+06 2.011284482763669678e+12
1.103424749100119229e+01 1.417850729547792114e+06 2.010300691279206299e+12
1.104785318492967860e+01 1.417087832089470699e+06 2.008137923856035889e+12
1.106145887885816492e+01 1.416070627807806479e+06 2.005256022939995117e+12
1.107506457278665124e+01 1.415259565277726389e+06 2.002959637110099121e+12
1.108867026671513756e+01 1.415880516961145680e+06 2.004717638310161133e+12
1.110227596064362388e+01 1.416272460340999300e+06 2.005827681920347412e+12
1.111588165457211019e+01 1.414856646761250682e+06 2.001819330884490479e+12
1.112948734850059651e+01 1.412568206364754355e+06 1.995348937632539307e+12
1.114309304242908283e+01 1.410511013030335540e+06 1.989541317879863281e+12
1.115669873635756915e+01 1.409489038876143750e+06 1.986659350711995361e+12
1.117030443028605546e+01 1.409325164951090468e+06 1.986197420564418457e+12
1.118391012421454178e+01 1.409497547940934077e+06 1.986683337651505859e+12
1.119751581814302810e+01 1.409695876117154025e+06 1.987242463141710449e+12
1.121112151207151442e+01 1.410138473043788690e+06 1.988490513158268066e+12
1.122472720600000073e+01 1.410243987680730410e+06 1.988788104789648193e+12
1.123833289992848705e+01 1.410496576372793876e+06 1.989500591959372803e+12
1.125193859385697337e+01 1.411591416266057873e+06 1.992590326476015137e+12
1.126554428778545969e+01 1.412741599336201791e+06 1.995838826495009277e+12
1.127914998171394600e+01 1.413184516820644494e+06 1.997090478581598389e+12
1.129275567564243232e+01 1.413602484897617484e+06 1.998271985308718750e+12
1.130636136957091864e+01 1.415276718232470099e+06 2.003008189170870605e+12
1.131996706349940496e+01 1.418596832628951874e+06 2.012416973544894531e+12
1.133357275742789128e+01 1.422115213218777673e+06 2.022411679668289551e+12
1.134717845135637759e+01 1.425178259158235276e+06 2.031133070377298096e+12
1.136078414528486391e+01 1.427692381183995400e+06 2.038305535290826904e+12
1.137438983921335023e+01 1.429264733800644986e+06 2.042797679286228516e+12
1.138799553314183655e+01 1.430152284311554627e+06 2.045335556321557861e+12
1.140160122707032286e+01 1.430520454512883909e+06 2.046388770779748047e+12
1.141520692099880918e+01 1.431457114525602665e+06 2.049069470725964355e+12
1.142881261492729550e+01 1.433017253708375618e+06 2.053538449425895020e+12
1.144241830885578182e+01 1.434689616753107402e+06 2.058334296419178223e+12
1.145602400278426813e+01 1.436643352962493198e+06 2.063944123611314697e+12
1.146962969671275445e+01 1.438065012178406352e+06 2.068030979251679932e+12
1.148323539064124077e+01 1.439016570457739290e+06 2.070768690051953857e+12
1.149684108456972709e+01 1.439396597036924446e+06 2.071862563561478271e+12
1.151044677849821340e+01 1.438038954554562923e+06 2.067956034816380371e+12
1.152405247242669972e+01 1.436391028538808459e+06 2.063219186866776123e+12
1.153765816635518604e+01 1.436043949378389399e+06 2.062222224546282227e+12
1.155126386028367236e+01 1.436124947849029908e+06 2.062454865834378906e+12
1.156486955421215868e+01 1.436917813109157141e+06 2.064732801630402588e+12
1.157847524814064499e+01 1.437115702952956548e+06 2.065301543673970459e+12
1.159208094206913131e+01 1.435773894483297365e+06 2.061446676079734619e+12
1.160568663599761763e+01 1.435478086443097796e+06 2.060597336658337646e+12
1.161929232992610395e+01 1.436254833864675369e+06 2.062827947799646240e+12
1.163289802385459026e+01 1.435760737441433361e+06 2.061408895178368652e+12
1.164650371778307658e+01 1.433755337406083941e+06 2.055654367540433594e+12
1.166010941171156290e+01 1.431616696860749507e+06 2.049526366730483154e+12
1.167371510564004922e+01 1.429580366458587581e+06 2.043700024163869629e+12
1.168732079956853553e+01 1.427383759901756421e+06 2.037424398031274902e+12
1.170092649349702185e+01 1.425098481702687684e+06 2.030905682551305664e+12
1.171453218742550817e+01 1.423063868185960688e+06 2.025110772936389404e+12
1.172813788135399449e+01 1.421016329619589960e+06 2.019287409045531250e+12
1.174174357528248080e+01 1.419093994946512394e+06 2.013827766493252197e+12
1.175534926921096712e+01 1.417624818054451374e+06 2.009660124763916260e+12
1.176895496313945344e+01 1.416648523326819763e+06 2.006893038644059082e+12
1.178256065706793976e+01 1.415906347885545576e+06 2.004790785982583496e+12
1.179616635099642608e+01 1.415510819001027616e+06 2.003670878708959961e+12
1.180977204492491239e+01 1.415217187290873611e+06 2.002839687203491699e+12
1.182337773885339871e+01 1.415344809291301994e+06 2.003200929187832031e+12
1.183698343278188503e+01 1.415573724090700969e+06 2.003848968336016113e+12
1.185058912671037135e+01 1.415456829192174133e+06 2.003518035306763672e+12
1.186419482063885766e+01 1.416022968575307168e+06 2.005121047532825439e+12
1.187780051456734398e+01 1.416676447680447716e+06 2.006972157412492432e+12
1.189140620849583030e+01 1.416707012257567374e+06 2.007058758579763184e+12
1.190501190242431662e+01 1.416366599425347755e+06 2.006094343967723389e+12
1.191861759635280293e+01 1.416061310509901028e+06 2.005229635123018311e+12
1.193222329028128925e+01 1.416058636304836953e+06 2.005222061453514404e+12
1.194582898420977557e+01 1.416419287875164067e+06 2.006243599064786865e+12
1.195943467813826189e+01 1.416678531321528833e+06 2.006978061107323975e+12
1.197304037206674820e+01 1.416838270073423162e+06 2.007430683544650391e+12
1.198664606599523452e+01 1.417643461698736530e+06 2.009712984497177002e+12
1.200025175992372084e+01 1.419109662523928797e+06 2.013872234268779053e+12
1.201385745385220716e+01 1.420656484407806769e+06 2.018264846689948975e+12
1.202746314778069348e+01 1.422251686126065440e+06 2.022799858688436279e+12
1.204106884170917979e+01 1.424212803972530412e+06 2.028382110999297363e+12
1.205467453563766611e+01 1.426115492599640274e+06 2.033805398232714600e+12
1.206828022956615243e+01 1.427782511337592034e+06 2.038562899681481201e+12
1.208188592349463875e+01 1.429497078457088210e+06 2.043461897317350586e+12
1.209549161742312506e+01 1.431431173079569591e+06 2.048995203263952637e+12
1.210909731135161138e+01 1.433163794817258371e+06 2.053958462775004639e+12
1.212270300528009770e+01 1.434292246914862422e+06 2.057194249560084717e+12
1.213630869920858402e+01 1.435288044922996545e+06 2.060051771898877686e+12
1.214991439313707033e+01 1.436242278979804600e+06 2.062791883929102783e+12
1.216352008706555665e+01 1.437637156196666881e+06 2.066800592877239502e+12
1.217712578099404297e+01 1.439517592738496372e+06 2.072210899803635498e+12
1.219073147492252929e+01 1.441263602963453624e+06 2.077240773227195801e+12
1.220433716885101560e+01 1.443200229510001140e+06 2.082826902457719971e+12
1.221794286277950192e+01 1.445107282471012557e+06 2.088335057850754883e+12
1.223154855670798824e+01 1.446349626185189467e+06 2.091927241166037354e+12
1.224515425063647456e+01 1.446993906023614109e+06 2.093791364069475830e+12
1.225875994456496088e+01 1.447568134682405274e+06 2.095453504547898193e+12
1.227236563849344719e+01 1.448666207647245843e+06 2.098633781179053223e+12
1.228597133242193351e+01 1.450010815989822149e+06 2.102531366487469971e+12
1.229957702635041983e+01 1.451252304750895128e+06 2.106133252044784912e+12
1.231318272027890615e+01 1.452893990497834980e+06 2.110900947624722900e+12
1.232678841420739246e+01 1.454785925153447082e+06 2.116402088024571045e+12
1.234039410813587878e+01 1.456220091158548370e+06 2.120576953893811035e+12
1.235399980206436510e+01 1.457284218056367012e+06 2.123677292196156982e+12
1.236760549599285142e+01 1.458520964075847529e+06 2.127283402648739746e+12
1.238121118992133773e+01 1.460347010094967671e+06 2.132613389893311523e+12
1.239481688384982405e+01 1.461967383670680225e+06 2.137348630916893799e+12
1.240842257777831037e+01 1.463105190625534160e+06 2.140676798835380615e+12
1.242202827170679669e+01 1.463862712216970045e+06 2.142894040219223633e+12
1.243563396563528300e+01 1.464166083648332395e+06 2.143782320506095459e+12
1.244923965956376932e+01 1.464479567575269844e+06 2.144700403845449463e+12
1.246284535349225564e+01 1.465079983184283599e+06 2.146459357127260742e+12
1.247645104742074196e+01 1.465903021458528005e+06 2.148871668321241699e+12
1.249005674134922828e+01 1.466847716828310397e+06 2.151642224364427002e+12
1.250366243527771459e+01 1.468097221365730511e+06 2.155309451381778809e+12
1.251726812920620091e+01 1.469644575024069520e+06 2.159855176897677979e+12
1.253087382313468723e+01 1.471575421605584910e+06 2.165534221473655029e+12
1.254447951706317355e+01 1.473698486360600218e+06 2.171787228701524170e+12
1.255808521099165986e+01 1.475182154684622772e+06 2.176162389499966309e+12
1.257169090492014440e+01 1.475928140882686712e+06 2.178363877049423828e+12
1.258529659884863072e+01 1.476503142518009292e+06 2.180061529865556885e+12
1.259890229277711704e+01 1.477607072361218743e+06 2.183322660291891846e+12
1.261250798670560336e+01 1.478957434710112866e+06 2.187315093684317871e+12
1.262611368063408968e+01 1.480315507835544646e+06 2.191334002738406494e+12
1.263971937456257599e+01 1.481972757859132485e+06 2.196243255036603027e+12
1.265332506849106231e+01 1.483663559607557952e+06 2.201257558107369629e+12
1.266693076241954863e+01 1.485337429819552926e+06 2.206227280422955078e+12
1.268053645634803495e+01 1.487019671340205008e+06 2.211227502952731445e+12
1.269414215027652126e+01 1.488700951347489841e+06 2.216230522542921387e+12
1.270774784420500758e+01 1.490092198605181882e+06 2.220374760344024902e+12
1.272135353813349390e+01 1.491149770921321120e+06 2.223527639318708496e+12
1.273495923206198022e+01 1.492298402409413131e+06 2.226954521833686523e+12
1.274856492599046653e+01 1.493323622670444893e+06 2.230015442025581055e+12
1.276217061991895285e+01 1.494085646138557699e+06 2.232291917997271484e+12
1.277577631384743917e+01 1.494769410278003197e+06 2.234335589902849609e+12
1.278938200777592549e+01 1.495578015042773681e+06 2.236753599079283203e+12
1.280298770170441180e+01 1.497068289302607533e+06 2.241213462835436035e+12
1.281659339563289812e+01 1.499044201685483567e+06 2.247133518606868652e+12
1.283019908956138444e+01 1.501206718971498311e+06 2.253621613085170898e+12
1.284380478348987076e+01 1.503590345033817925e+06 2.260783925678915527e+12
1.285741047741835708e+01 1.505945048730288167e+06 2.267870489795270020e+12
1.287101617134684339e+01 1.508522128599737305e+06 2.275639012475082520e+12
1.288462186527532971e+01 1.511468729871836025e+06 2.284537721380381348e+12
1.289822755920381603e+01 1.514411360452676192e+06 2.293441768668125488e+12
1.291183325313230235e+01 1.517356216468527215e+06 2.302369887655684082e+12
1.292543894706078866e+01 1.520257636732711457e+06 2.311183282044128906e+12
1.293904464098927320e+01 1.523343584307321347e+06 2.320575675850276855e+12
1.295265033491775952e+01 1.526719899250224233e+06 2.330873650766614746e+12
1.296625602884624584e+01 1.530238441227078438e+06 2.341629687009078613e+12
1.297986172277473216e+01 1.534016662323544733e+06 2.353207120286268066e+12
1.299346741670321848e+01 1.537562026353537338e+06 2.364096984884395996e+12
1.300707311063170479e+01 1.540935727453286061e+06 2.374482916141987793e+12
1.302067880456019111e+01 1.544574129790831124e+06 2.385709242419103027e+12
1.303428449848867743e+01 1.548196178215428954e+06 2.396911406240860352e+12
1.304789019241716375e+01 1.551973603338666027e+06 2.408622065460002930e+12
1.306149588634565006e+01 1.555982313521800563e+06 2.421080959992654785e+12
1.307510158027413638e+01 1.559886818652950926e+06 2.433246887007224121e+12
1.308870727420262270e+01 1.563904540754530113e+06 2.445797412592637695e+12
1.310231296813110902e+01 1.568374894522805465e+06 2.459799809769421387e+12
1.311591866205959533e+01 1.573260812266617315e+06 2.475149583413816406e+12
1.312952435598808165e+01 1.578578044163135812e+06 2.491908641513911133e+12
1.314313004991656797e+01 1.584608030173285631e+06 2.510982609289660645e+12
1.315673574384505429e+01 1.591139013424671255e+06 2.531723360042036133e+12
1.317034143777354060e+01 1.597833131197925890e+06 2.553070715153768066e+12
1.318394713170202692e+01 1.604993436124040512e+06 2.576003930001254395e+12
1.319755282563051324e+01 1.612656953758285381e+06 2.600662450504952637e+12
1.321115851955899956e+01 1.620626476245405385e+06 2.626430175507599609e+12
1.322476421348748588e+01 1.628861758743652608e+06 2.653190629097465332e+12
1.323836990741597219e+01 1.637553993135074154e+06 2.681583080432626465e+12
1.325197560134445851e+01 1.646706724852044368e+06 2.711643037672946777e+12
1.326558129527294483e+01 1.656474898616589606e+06 2.743909089746840820e+12
1.327918698920143115e+01 1.667272526767441072e+06 2.779797678513487305e+12
1.329279268312991746e+01 1.679269688444721047e+06 2.819946686529230469e+12
1.330639837705840378e+01 1.692787431084552081e+06 2.865529286837837402e+12
1.332000407098689010e+01 1.708290636740651913e+06 2.918256899575781738e+12
1.333360976491537642e+01 1.725758726004620548e+06 2.978243180381090820e+12
1.334721545884386273e+01 1.745052716020241147e+06 3.045208981689620605e+12
1.336082115277234905e+01 1.767061128198685125e+06 3.122505030790810059e+12
1.337442684670083537e+01 1.793329846419467125e+06 3.216031938058869629e+12
1.338803254062932169e+01 1.826347930463484023e+06 3.335546763108250977e+12
1.340163823455780800e+01 1.871018908194936579e+06 3.500711754822972656e+12
1.341524392848629432e+01 1.938251917442304781e+06 3.756820495468770996e+12
