# E(eV) abs(cm^-1) abs**2
1.259110285578066146e-02 0.000000000000000000e+00 0.000000000000000000e+00
2.619679678426697911e-02 0.000000000000000000e+00 0.000000000000000000e+00
3.980249071275324124e-02 0.000000000000000000e+00 0.000000000000000000e+00
5.340818464123953113e-02 0.000000000000000000e+00 0.000000000000000000e+00
6.701387856972584878e-02 0.000000000000000000e+00 0.000000000000000000e+00
8.061957249821216642e-02 0.000000000000000000e+00 0.000000000000000000e+00
9.422526642669842856e-02 0.000000000000000000e+00 0.000000000000000000e+00
1.078309603551847462e-01 0.000000000000000000e+00 0.000000000000000000e+00
1.214366542836710083e-01 0.000000000000000000e+00 0.000000000000000000e+00
1.350423482121573260e-01 0.000000000000000000e+00 0.000000000000000000e+00
1.486480421406435881e-01 0.000000000000000000e+00 0.000000000000000000e+00
1.622537360691299058e-01 0.000000000000000000e+00 0.000000000000000000e+00
1.758594299976162234e-01 0.000000000000000000e+00 0.000000000000000000e+00
1.894651239261025411e-01 0.000000000000000000e+00 0.000000000000000000e+00
2.030708178545888032e-01 0.000000000000000000e+00 0.000000000000000000e+00
2.166765117830750653e-01 0.000000000000000000e+00 0.000000000000000000e+00
2.302822057115613830e-01 0.000000000000000000e+00 0.000000000000000000e+00
2.438878996400477006e-01 0.000000000000000000e+00 0.000000000000000000e+00
2.574935935685340183e-01 0.000000000000000000e+00 0.000000000000000000e+00
2.710992874970203359e-01 0.000000000000000000e+00 0.000000000000000000e+00
2.847049814255065425e-01 0.000000000000000000e+00 0.000000000000000000e+00
2.983106753539928047e-01 0.000000000000000000e+00 0.000000000000000000e+00
3.119163692824791223e-01 0.000000000000000000e+00 0.000000000000000000e+00
3.255220632109654399e-01 0.000000000000000000e+00 0.000000000000000000e+00
3.391277571394517576e-01 0.000000000000000000e+00 0.000000000000000000e+00
3.527334510679380752e-01 0.000000000000000000e+00 0.000000000000000000e+00
3.663391449964243929e-01 0.000000000000000000e+00 0.000000000000000000e+00
3.799448389249105995e-01 0.000000000000000000e+00 0.000000000000000000e+00
3.935505328533969172e-01 0.000000000000000000e+00 0.000000000000000000e+00
4.071562267818832348e-01 0.000000000000000000e+00 0.000000000000000000e+00
4.207619207103695524e-01 0.000000000000000000e+00 0.000000000000000000e+00
4.343676146388557591e-01 0.000000000000000000e+00 0.000000000000000000e+00
4.479733085673420767e-01 0.000000000000000000e+00 0.000000000000000000e+00
4.615790024958283944e-01 0.000000000000000000e+00 0.000000000000000000e+00
4.751846964243147120e-01 0.000000000000000000e+00 0.000000000000000000e+00
4.887903903528009186e-01 0.000000000000000000e+00 0.000000000000000000e+00
5.023960842812872363e-01 0.000000000000000000e+00 0.000000000000000000e+00
5.160017782097735539e-01 0.000000000000000000e+00 0.000000000000000000e+00
5.296074721382598716e-01 0.000000000000000000e+00 0.000000000000000000e+00
5.432131660667461892e-01 0.000000000000000000e+00 0.000000000000000000e+00
5.568188599952325069e-01 0.000000000000000000e+00 0.000000000000000000e+00
5.704245539237188245e-01 0.000000000000000000e+00 0.000000000000000000e+00
5.840302478522051421e-01 0.000000000000000000e+00 0.000000000000000000e+00
5.976359417806913488e-01 0.000000000000000000e+00 0.000000000000000000e+00
6.112416357091776664e-01 0.000000000000000000e+00 0.000000000000000000e+00
6.248473296376638730e-01 0.000000000000000000e+00 0.000000000000000000e+00
6.384530235661501907e-01 0.000000000000000000e+00 0.000000000000000000e+00
6.520587174946365083e-01 0.000000000000000000e+00 0.000000000000000000e+00
6.656644114231228260e-01 0.000000000000000000e+00 0.000000000000000000e+00
6.792701053516091436e-01 0.000000000000000000e+00 0.000000000000000000e+00
6.928757992800954613e-01 0.000000000000000000e+00 0.000000000000000000e+00
7.064814932085817789e-01 0.000000000000000000e+00 0.000000000000000000e+00
7.200871871370680966e-01 0.000000000000000000e+00 0.000000000000000000e+00
7.336928810655544142e-01 0.000000000000000000e+00 0.000000000000000000e+00
7.472985749940407318e-01 0.000000000000000000e+00 0.000000000000000000e+00
7.609042689225268274e-01 0.000000000000000000e+00 0.000000000000000000e+00
7.745099628510131451e-01 0.000000000000000000e+00 0.000000000000000000e+00
7.881156567794994627e-01 0.000000000000000000e+00 0.000000000000000000e+00
8.017213507079856694e-01 0.000000000000000000e+00 0.000000000000000000e+00
8.153270446364719870e-01 0.000000000000000000e+00 0.000000000000000000e+00
8.289327385649583047e-01 0.000000000000000000e+00 0.000000000000000000e+00
8.425384324934446223e-01 0.000000000000000000e+00 0.000000000000000000e+00
8.561441264219309399e-01 0.000000000000000000e+00 0.000000000000000000e+00
8.697498203504172576e-01 0.000000000000000000e+00 0.000000000000000000e+00
8.833555142789035752e-01 0.000000000000000000e+00 0.000000000000000000e+00
8.969612082073898929e-01 0.000000000000000000e+00 0.000000000000000000e+00
9.105669021358762105e-01 0.000000000000000000e+00 0.000000000000000000e+00
9.241725960643625282e-01 0.000000000000000000e+00 0.000000000000000000e+00
9.377782899928488458e-01 0.000000000000000000e+00 0.000000000000000000e+00
9.513839839213351635e-01 0.000000000000000000e+00 0.000000000000000000e+00
9.649896778498212591e-01 0.000000000000000000e+00 0.000000000000000000e+00
9.785953717783075767e-01 0.000000000000000000e+00 0.000000000000000000e+00
9.922010657067938943e-01 0.000000000000000000e+00 0.000000000000000000e+00
1.005806759635280212e+00 0.000000000000000000e+00 0.000000000000000000e+00
1.019412453563766530e+00 0.000000000000000000e+00 0.000000000000000000e+00
1.033018147492252847e+00 0.000000000000000000e+00 0.000000000000000000e+00
1.046623841420739165e+00 0.000000000000000000e+00 0.000000000000000000e+00
1.060229535349225483e+00 0.000000000000000000e+00 0.000000000000000000e+00
1.073835229277711578e+00 0.000000000000000000e+00 0.000000000000000000e+00
1.087440923206197896e+00 0.000000000000000000e+00 0.000000000000000000e+00
1.101046617134684213e+00 0.000000000000000000e+00 0.000000000000000000e+00
1.114652311063170531e+00 0.000000000000000000e+00 0.000000000000000000e+00
1.128258004991656849e+00 0.000000000000000000e+00 0.000000000000000000e+00
1.141863698920143166e+00 0.000000000000000000e+00 0.000000000000000000e+00
1.155469392848629484e+00 0.000000000000000000e+00 0.000000000000000000e+00
1.169075086777115802e+00 0.000000000000000000e+00 0.000000000000000000e+00
1.182680780705601897e+00 0.000000000000000000e+00 0.000000000000000000e+00
1.196286474634088215e+00 0.000000000000000000e+00 0.000000000000000000e+00
1.209892168562574533e+00 0.000000000000000000e+00 0.000000000000000000e+00
1.223497862491060850e+00 0.000000000000000000e+00 0.000000000000000000e+00
1.237103556419547168e+00 0.000000000000000000e+00 0.000000000000000000e+00
1.250709250348033486e+00 0.000000000000000000e+00 0.000000000000000000e+00
1.264314944276519803e+00 0.000000000000000000e+00 0.000000000000000000e+00
1.277920638205006121e+00 0.000000000000000000e+00 0.000000000000000000e+00
1.291526332133492438e+00 0.000000000000000000e+00 0.000000000000000000e+00
1.305132026061978756e+00 0.000000000000000000e+00 0.000000000000000000e+00
1.318737719990465074e+00 0.000000000000000000e+00 0.000000000000000000e+00
1.332343413918951391e+00 0.000000000000000000e+00 0.000000000000000000e+00
1.345949107847437709e+00 0.000000000000000000e+00 0.000000000000000000e+00
1.359554801775924027e+00 0.000000000000000000e+00 0.000000000000000000e+00
1.373160495704410344e+00 0.000000000000000000e+00 0.000000000000000000e+00
1.386766189632896662e+00 0.000000000000000000e+00 0.000000000000000000e+00
1.400371883561382758e+00 0.000000000000000000e+00 0.000000000000000000e+00
1.413977577489869075e+00 0.000000000000000000e+00 0.000000000000000000e+00
1.427583271418355393e+00 0.000000000000000000e+00 0.000000000000000000e+00
1.441188965346841488e+00 0.000000000000000000e+00 0.000000000000000000e+00
1.454794659275327806e+00 0.000000000000000000e+00 0.000000000000000000e+00
1.468400353203814124e+00 0.000000000000000000e+00 0.000000000000000000e+00
1.482006047132300441e+00 0.000000000000000000e+00 0.000000000000000000e+00
1.495611741060786759e+00 0.000000000000000000e+00 0.000000000000000000e+00
1.509217434989273077e+00 0.000000000000000000e+00 0.000000000000000000e+00
1.522823128917759394e+00 0.000000000000000000e+00 0.000000000000000000e+00
1.536428822846245712e+00 0.000000000000000000e+00 0.000000000000000000e+00
1.550034516774732030e+00 0.000000000000000000e+00 0.000000000000000000e+00
1.563640210703218347e+00 -2.082359042496324461e-02 4.336219181866209473e-04
1.577245904631704665e+00 7.324569000257527551e-02 5.364931103953355339e-03
1.590851598560190983e+00 -2.733675343922188916e-01 7.472980885968097398e-02
1.604457292488677300e+00 2.968199402409402499e+00 8.810207692463533746e+00
1.618062986417163618e+00 2.941122950137929237e+01 8.650204207828036260e+02
1.631668680345649936e+00 9.639063142702620723e+01 9.291153826900812419e+03
1.645274374274136253e+00 2.052079648726659116e+02 4.211030884718128800e+04
1.658880068202622571e+00 3.534281182187800709e+02 1.249114347476679832e+05
1.672485762131108888e+00 5.419853301218142860e+02 2.937480980672520236e+05
1.686091456059595206e+00 7.801848839564825084e+02 6.086884531541900942e+05
1.699697149988081524e+00 1.070370906150743849e+03 1.145693876733964542e+06
1.713302843916567397e+00 1.420204955334079386e+03 2.016982115155474516e+06
1.726908537845053715e+00 1.856653178521026575e+03 3.447161025312230922e+06
1.740514231773540033e+00 2.410816110022782141e+03 5.812034316345378757e+06
1.754119925702026350e+00 3.101226803187374117e+03 9.617607684807779267e+06
1.767725619630512668e+00 3.898695668139570444e+03 1.519982791277025081e+07
1.781331313558998986e+00 4.776471099595378291e+03 2.281467616526988149e+07
1.794937007487485081e+00 5.739519298223133774e+03 3.294208177467577532e+07
1.808542701415971399e+00 6.771583879964799962e+03 4.585434824339913577e+07
1.822148395344457716e+00 7.893863572703925456e+03 6.231308210446198285e+07
1.835754089272944034e+00 9.143061603539485077e+03 8.359557548611801863e+07
1.849359783201430352e+00 1.054088028061750992e+04 1.111101570903110802e+08
1.862965477129916669e+00 1.208880189271676136e+04 1.461391312013523579e+08
1.876571171058402987e+00 1.374634860621380540e+04 1.889621000035562217e+08
1.890176864986889305e+00 1.552715649606453735e+04 2.410925888532791734e+08
1.903782558915375622e+00 1.743478395249612731e+04 3.039716914702165127e+08
1.917388252843861940e+00 1.946268035804338069e+04 3.787959267193676233e+08
1.930993946772348258e+00 2.167263803009686671e+04 4.697032391836010218e+08
1.944599640700834575e+00 2.415038635395774327e+04 5.832411610454283953e+08
1.958205334629320893e+00 2.684221392509678844e+04 7.205044484006599188e+08
1.971811028557807211e+00 3.022196573401318892e+04 9.133672128278673887e+08
1.985416722486293528e+00 3.568544192192357150e+04 1.273450765162980318e+09
1.999022416414779846e+00 4.155296248033770098e+04 1.726648690892352819e+09
2.012628110343266385e+00 4.533697717799908423e+04 2.055441499638409853e+09
2.026233804271752703e+00 4.937880086564411613e+04 2.438265974928936005e+09
2.039839498200239021e+00 5.469483746643135237e+04 2.991525245479342937e+09
2.053445192128725338e+00 5.958141933654279273e+04 3.549945530156955242e+09
2.067050886057211656e+00 6.385901533429039409e+04 4.077973839465135574e+09
2.080656579985697974e+00 6.734159696476790123e+04 4.534890681765237808e+09
2.094262273914184291e+00 6.955707257684678189e+04 4.838186345460730553e+09
2.107867967842670609e+00 7.094961517688431195e+04 5.033847893747972488e+09
2.121473661771156927e+00 7.274317696557464660e+04 5.291569795044909477e+09
2.135079355699642356e+00 7.593709382960978837e+04 5.766442219286960602e+09
2.148685049628128674e+00 8.013916769822886272e+04 6.422286199364848137e+09
2.162290743556614991e+00 8.448331807095358090e+04 7.137431032277912140e+09
2.175896437485101309e+00 8.899407651550999435e+04 7.919945654848447800e+09
2.189502131413587627e+00 9.379456741663174762e+04 8.797420876873077393e+09
2.203107825342073944e+00 9.862336016619768634e+04 9.726567170471548080e+09
2.216713519270560262e+00 1.032899027508599102e+05 1.066880401028209686e+10
2.230319213199046580e+00 1.079969887321667775e+05 1.166334957521575737e+10
2.243924907127532897e+00 1.131565675325786287e+05 1.280440877575502777e+10
2.257530601056019215e+00 1.183784265868836956e+05 1.401345188118621254e+10
2.271136294984505533e+00 1.240257771477829228e+05 1.538239339711151314e+10
2.284741988912991850e+00 1.304440571768922964e+05 1.701565205276834679e+10
2.298347682841478168e+00 1.360354611536480661e+05 1.850564669128569031e+10
2.311953376769964486e+00 1.408911578191157023e+05 1.985031835161096954e+10
2.325559070698450803e+00 1.455882429467610200e+05 2.119593648432511139e+10
2.339164764626937121e+00 1.512331573355041037e+05 2.287146787766534042e+10
2.352770458555423438e+00 1.577852704677394649e+05 2.489619157657769394e+10
2.366376152483909756e+00 1.637877270125022042e+05 2.682641951992194366e+10
2.379981846412396074e+00 1.688989612592937192e+05 2.852685911446839905e+10
2.393587540340882391e+00 1.734118668153179169e+05 3.007167555237355804e+10
2.407193234269368709e+00 1.782263863545678905e+05 3.176464479300770187e+10
2.420798928197855027e+00 1.835182550145281712e+05 3.367894992357739258e+10
2.434404622126341344e+00 1.897503901699049165e+05 3.600521056963114929e+10
2.448010316054827662e+00 1.960119987446430314e+05 3.842070365186994171e+10
2.461616009983313980e+00 2.016270558732499194e+05 4.065346966011464691e+10
2.475221703911800297e+00 2.073339446757670958e+05 4.298736461481404877e+10
2.488827397840286615e+00 2.136083713270443550e+05 4.562853630099246216e+10
2.502433091768772933e+00 2.201722586412165547e+05 4.847582347517475891e+10
2.516038785697259250e+00 2.261699754620018648e+05 5.115285780048252869e+10
2.529644479625745568e+00 2.314185523839706439e+05 5.355454638749256134e+10
2.543250173554231885e+00 2.358851054154419980e+05 5.564178295685418701e+10
2.556855867482718203e+00 2.395981914302077494e+05 5.740729333662648010e+10
2.570461561411203633e+00 2.442946344528398768e+05 5.967986842244666290e+10
2.584067255339689950e+00 2.503180873448127240e+05 6.265914485196529388e+10
2.597672949268176268e+00 2.575394877901199507e+05 6.632658777119734192e+10
2.611278643196662586e+00 2.623714242286174558e+05 6.883876425175314331e+10
2.624884337125148903e+00 2.657165238929461921e+05 7.060527106975064087e+10
2.638490031053635221e+00 2.706423724607888144e+05 7.324729377120434570e+10
2.652095724982121538e+00 2.750467148470020038e+05 7.565069534812803650e+10
2.665701418910607856e+00 2.794177418912499561e+05 7.807427448360517883e+10
2.679307112839094174e+00 2.840426331362815108e+05 8.068021743899220276e+10
2.692912806767580491e+00 2.895725010200824472e+05 8.385223334702565002e+10
2.706518500696066809e+00 2.957028469181505498e+05 8.744017367549917603e+10
2.720124194624553127e+00 3.017098119377825060e+05 9.102881061953208923e+10
2.733729888553039444e+00 3.089675144008781062e+05 9.546092495505682373e+10
2.747335582481525762e+00 3.176506414806573302e+05 1.009019300330731049e+11
2.760941276410012080e+00 3.249438769803197938e+05 1.055885231870012054e+11
2.774546970338498397e+00 3.303152992007519351e+05 1.091081968860822754e+11
2.788152664266984715e+00 3.359859034040155821e+05 1.128865272862124939e+11
2.801758358195471033e+00 3.429149615749364602e+05 1.175906708719401550e+11
2.815364052123957350e+00 3.501265627900431864e+05 1.225886099711700592e+11
2.828969746052443668e+00 3.555627254238845198e+05 1.264248517108607025e+11
2.842575439980929985e+00 3.611347147880799603e+05 1.304182822250678558e+11
2.856181133909416303e+00 3.674480918516894453e+05 1.350181002054476013e+11
2.869786827837902621e+00 3.718306415190742700e+05 1.382580259724863281e+11
2.883392521766388938e+00 3.755172577105436940e+05 1.410132108384468994e+11
2.896998215694875256e+00 3.804405971988353995e+05 1.447350479970065308e+11
2.910603909623361574e+00 3.870975198707187665e+05 1.498444898900615234e+11
2.924209603551847891e+00 3.928268336428686162e+05 1.543129212298819885e+11
2.937815297480334209e+00 3.971745230885510682e+05 1.577476017906179810e+11
2.951420991408820527e+00 3.997846730931417551e+05 1.598277848401902161e+11
2.965026685337306844e+00 4.012119962650889065e+05 1.609710659470177002e+11
2.978632379265793162e+00 4.038976111194573459e+05 1.631332802680043945e+11
2.992238073194279480e+00 4.081436078461676952e+05 1.665812046256863098e+11
3.005843767122765797e+00 4.137353321100318572e+05 1.711769250361983643e+11
3.019449461051252115e+00 4.197522740581764374e+05 1.761919715770104675e+11
3.033055154979738433e+00 4.259065918294180883e+05 1.813964249637505493e+11
3.046660848908224750e+00 4.319449316390685854e+05 1.865764239686796265e+11
3.060266542836711068e+00 4.374440692580677569e+05 1.913573137290571899e+11
3.073872236765197385e+00 4.420338293773618061e+05 1.953939063140146179e+11
3.087477930693682815e+00 4.458461527771020774e+05 1.987787919461430359e+11
3.101083624622169133e+00 4.505478476343089133e+05 2.029933630079084473e+11
3.114689318550655450e+00 4.562578847639298183e+05 2.081712574092554626e+11
3.128295012479141768e+00 4.631332243110997952e+05 2.144923834607954712e+11
3.141900706407628086e+00 4.701989231016366975e+05 2.210870272859388733e+11
3.155506400336114403e+00 4.765683627647784306e+05 2.271174043883014526e+11
3.169112094264600721e+00 4.828651260942876106e+05 2.331587299980522766e+11
3.182717788193087038e+00 4.885882478610061225e+05 2.387184759478879395e+11
3.196323482121573356e+00 4.939903971069551772e+05 2.440265124338872681e+11
3.209929176050059674e+00 4.987643915673986194e+05 2.487659182955973206e+11
3.223534869978545991e+00 5.029167833915600204e+05 2.529252910169132996e+11
3.237140563907032309e+00 5.078264664467076072e+05 2.578877200237490540e+11
3.250746257835518627e+00 5.126288861669620965e+05 2.627883749327801819e+11
3.264351951764004944e+00 5.144243854628324043e+05 2.646324483588127747e+11
3.277957645692491262e+00 5.151142301354312804e+05 2.653426700880180664e+11
3.291563339620977580e+00 5.167519989787021768e+05 2.670326284484846191e+11
3.305169033549463897e+00 5.197787717731618322e+05 2.701699715860166626e+11
3.318774727477950215e+00 5.217362950800318504e+05 2.722087616038380737e+11
3.332380421406436533e+00 5.211173095275217202e+05 2.715632502892028809e+11
3.345986115334922850e+00 5.223745451913101133e+05 2.728751654638280945e+11
3.359591809263409168e+00 5.245180246061210055e+05 2.751191581367073364e+11
3.373197503191895485e+00 5.258849945839443244e+05 2.765550275285551758e+11
3.386803197120381803e+00 5.287735834189164452e+05 2.796015025216817627e+11
3.400408891048868121e+00 5.320286445948977489e+05 2.830544786694840088e+11
3.414014584977354438e+00 5.368032187320645899e+05 2.881576956411047974e+11
3.427620278905840756e+00 5.416224486751845106e+05 2.933548769089028931e+11
3.441225972834327074e+00 5.442508489320249064e+05 2.962089865632297974e+11
3.454831666762813391e+00 5.459658875853668433e+05 2.980787504068774414e+11
3.468437360691299709e+00 5.478930336526245810e+05 3.001867763250759888e+11
3.482043054619786027e+00 5.513034315255614929e+05 3.039354736118594971e+11
3.495648748548272344e+00 5.561069914172649151e+05 3.092549859031619263e+11
3.509254442476758662e+00 5.622540899598391261e+05 3.161296616765668945e+11
3.522860136405244980e+00 5.640734133514870191e+05 3.181788156499975586e+11
3.536465830333731297e+00 5.638753518623663113e+05 3.179554124379074097e+11
3.550071524262217615e+00 5.672927604377681855e+05 3.218210760451030273e+11
3.563677218190703933e+00 5.711872927950524027e+05 3.262549234505408936e+11
3.577282912119190250e+00 5.757701966918748803e+05 3.315113193986002808e+11
3.590888606047676568e+00 5.807730957962267566e+05 3.372973888007331543e+11
3.604494299976162885e+00 5.855849624353015097e+05 3.429097482303534546e+11
3.618099993904649203e+00 5.887651073812395334e+05 3.466443516696425171e+11
3.631705687833134633e+00 5.939607072588520823e+05 3.527893217674357910e+11
3.645311381761620950e+00 5.949531927923875628e+05 3.539693016138558960e+11
3.658917075690107268e+00 5.933494725402226904e+05 3.520635965637604980e+11
3.672522769618593586e+00 5.979409723056365037e+05 3.575334063618099365e+11
3.686128463547079903e+00 5.972084284796525026e+05 3.566579070471362305e+11
3.699734157475566221e+00 5.941204511608310277e+05 3.529791104875493774e+11
3.713339851404052538e+00 5.945594712197635090e+05 3.535009648171248169e+11
3.726945545332538856e+00 5.959764520201900741e+05 3.551879313625739136e+11
3.740551239261025174e+00 5.979063614234736888e+05 3.574920170306575317e+11
3.754156933189511491e+00 6.007950444260350196e+05 3.609546854068814087e+11
3.767762627117997809e+00 6.051436680409164401e+05 3.661988589700148926e+11
3.781368321046484127e+00 6.096543902103644796e+05 3.716784755027713623e+11
3.794974014974970444e+00 6.132243539803830208e+05 3.760441083146580811e+11
3.808579708903456762e+00 6.144066379237768706e+05 3.774955167247990723e+11
3.822185402831943080e+00 6.152606873170909239e+05 3.785457133578991089e+11
3.835791096760429397e+00 6.183582429330701707e+05 3.823669166032738037e+11
3.849396790688915715e+00 6.235520866642062319e+05 3.888172047832857666e+11
3.863002484617402033e+00 6.287861781763273757e+05 3.953720578655921021e+11
3.876608178545888350e+00 6.363025645350019913e+05 4.048809536338203735e+11
3.890213872474374668e+00 6.432159150751739508e+05 4.137267134059934082e+11
3.903819566402860985e+00 6.474531966060959967e+05 4.191956417954520264e+11
3.917425260331347303e+00 6.530154438301072223e+05 4.264291698806318970e+11
3.931030954259833621e+00 6.575985780382908415e+05 4.324358898379821167e+11
3.944636648188319938e+00 6.614759678175504087e+05 4.375504560001649780e+11
3.958242342116806256e+00 6.668436506617965642e+05 4.446804544279521484e+11
3.971848036045292574e+00 6.717484389681101311e+05 4.512459652560927734e+11
3.985453729973778891e+00 6.771999606217641849e+05 4.585997866661189575e+11
3.999059423902265209e+00 6.844509137744074687e+05 4.684730533666213379e+11
4.012665117830751527e+00 6.903783585067396052e+05 4.766222778944602661e+11
4.026270811759237844e+00 6.952333205174390459e+05 4.833493699577041016e+11
4.039876505687724162e+00 7.007753501934106462e+05 4.910860914386973267e+11
4.053482199616210480e+00 7.069725662691583857e+05 4.998102094571995239e+11
4.067087893544696797e+00 7.129625538122493308e+05 5.083156031384844971e+11
4.080693587473183115e+00 7.176612702942608157e+05 5.150376988803720703e+11
4.094299281401669433e+00 7.212555305841970257e+05 5.202095403982915649e+11
4.107904975330155750e+00 7.243897675721138949e+05 5.247405353631812134e+11
4.121510669258642068e+00 7.274964670401780168e+05 5.292511095559407959e+11
4.135116363187128385e+00 7.324741492853886448e+05 5.365183793713538208e+11
4.148722057115614703e+00 7.381902723928907653e+05 5.449248782554902954e+11
4.162327751044101021e+00 7.436907471560010454e+05 5.530759274054510498e+11
4.175933444972587338e+00 7.507039121708922321e+05 5.635563637486827393e+11
4.189539138901073656e+00 7.574295471410874743e+05 5.736995188823529053e+11
4.203144832829559974e+00 7.622791260576185305e+05 5.810694660231666260e+11
4.216750526758046291e+00 7.686011332192999544e+05 5.907477019859920654e+11
4.230356220686532609e+00 7.742727354082290549e+05 5.994982687965415039e+11
4.243961914615018927e+00 7.771119178747783881e+05 6.039029329030163574e+11
4.257567608543505244e+00 7.804252995566381142e+05 6.090636481880683594e+11
4.271173302471991562e+00 7.852058589485280681e+05 6.165482409270957031e+11
4.284778996400477880e+00 7.914519481930944603e+05 6.263961862986446533e+11
4.298384690328964197e+00 7.977816898767997045e+05 6.364556247026822510e+11
4.311990384257450515e+00 8.057249384905444458e+05 6.491926765055916748e+11
4.325596078185936832e+00 8.167578664724077098e+05 6.670934124445593262e+11
4.339201772114423150e+00 8.275801262097152648e+05 6.848888652972882080e+11
4.352807466042909468e+00 8.369294110175658716e+05 7.004508390262097168e+11
4.366413159971395785e+00 8.460528791250933427e+05 7.158054742758598633e+11
4.380018853899882103e+00 8.561810100480287801e+05 7.330459219668627930e+11
4.393624547828368421e+00 8.620428352327467874e+05 7.431178497761126709e+11
4.407230241756854738e+00 8.635667107466597809e+05 7.457474639098051758e+11
4.420835935685341056e+00 8.668212847179262899e+05 7.513791396400362549e+11
4.434441629613827374e+00 8.700366679300826509e+05 7.569638035428808594e+11
4.448047323542313691e+00 8.729312294059732230e+05 7.620089312722238770e+11
4.461653017470800009e+00 8.767313509331319947e+05 7.686578617090346680e+11
4.475258711399285438e+00 8.823630154536725022e+05 7.785644910404979248e+11
4.488864405327771756e+00 8.867938756560048787e+05 7.864033779009978027e+11
4.502470099256258074e+00 8.905702917048799573e+05 7.931154444673149414e+11
4.516075793184744391e+00 8.974096382761984132e+05 8.053440588710173340e+11
4.529681487113230709e+00 9.024946894829644589e+05 8.144966645449523926e+11
4.543287181041717027e+00 9.069797248235030565e+05 8.226122212409173584e+11
4.556892874970203344e+00 9.152369593623413239e+05 8.376586917828239746e+11
4.570498568898689662e+00 9.221923816863374086e+05 8.504387888403194580e+11
4.584104262827175980e+00 9.259797339926601853e+05 8.574384677651176758e+11
4.597709956755662297e+00 9.286939229835827136e+05 8.624724025866367188e+11
4.611315650684148615e+00 9.307245291446372867e+05 8.662481491515068359e+11
4.624921344612634933e+00 9.323417678744671866e+05 8.692611721232868652e+11
4.638527038541121250e+00 9.334370787043061573e+05 8.713047799000290527e+11
4.652132732469607568e+00 9.350884234125890071e+05 8.743903596002413330e+11
4.665738426398093885e+00 9.378949902685184497e+05 8.796470127707843018e+11
4.679344120326580203e+00 9.399509679448434617e+05 8.835078221404481201e+11
4.692949814255066521e+00 9.405461348548700335e+05 8.846270317904354248e+11
4.706555508183552838e+00 9.407407200549367117e+05 8.849931023694808350e+11
4.720161202112039156e+00 9.416255815956948791e+05 8.866587359154306641e+11
4.733766896040525474e+00 9.449185157539760694e+05 8.928710014146971436e+11
4.747372589969011791e+00 9.512543230488102417e+05 9.048847871190502930e+11
4.760978283897498109e+00 9.584932785377025139e+05 9.187093650019537354e+11
4.774583977825984427e+00 9.619953480980281020e+05 9.254350497622462158e+11
4.788189671754470744e+00 9.630058434506708290e+05 9.273802545201379395e+11
4.801795365682957062e+00 9.658682648131512105e+05 9.329015049731676025e+11
4.815401059611443380e+00 9.699203629071679898e+05 9.407455103819724121e+11
4.829006753539929697e+00 9.752739995133806951e+05 9.511593741268256836e+11
4.842612447468416015e+00 9.824956388625429245e+05 9.652976803839163818e+11
4.856218141396902332e+00 9.896094664361082250e+05 9.793268960599588623e+11
4.869823835325387762e+00 9.954809585950591136e+05 9.909823389253377686e+11
4.883429529253874080e+00 9.983493866048502969e+05 9.967014977342808838e+11
4.897035223182360397e+00 9.997985003044744954e+05 9.995970412110762939e+11
4.910640917110846715e+00 9.988745628607970430e+05 9.977503923303483887e+11
4.924246611039333033e+00 9.946620341910010902e+05 9.893525622609802246e+11
4.937852304967819350e+00 9.908289305414487608e+05 9.817419695979111328e+11
4.951457998896305668e+00 9.887398528357093455e+05 9.776064965855802002e+11
4.965063692824791985e+00 9.875257405938704032e+05 9.752070883354721680e+11
4.978669386753278303e+00 9.865774526199862594e+05 9.733350700181412354e+11
4.992275080681764621e+00 9.867060801680098521e+05 9.735888886405190430e+11
5.005880774610250938e+00 9.855777252892211545e+05 9.713634525862755127e+11
5.019486468538737256e+00 9.850232344994121231e+05 9.702707725036838379e+11
5.033092162467223574e+00 9.867929212267120602e+05 9.737602693831479492e+11
5.046697856395709891e+00 9.890486537664339412e+05 9.782172395171953125e+11
5.060303550324196209e+00 9.927793490841765888e+05 9.856108359680013428e+11
5.073909244252682527e+00 9.974352116568726487e+05 9.948770014529903564e+11
5.087514938181168844e+00 1.003188437431482133e+06 1.006387040996218750e+12
5.101120632109655162e+00 1.008362146238627029e+06 1.016794217966970215e+12
5.114726326038141480e+00 1.013346830585819087e+06 1.026871799058324707e+12
5.128332019966627797e+00 1.020721489723412669e+06 1.041872359583182861e+12
5.141937713895114115e+00 1.025894770871417131e+06 1.052460080901317505e+12
5.155543407823600432e+00 1.029318241329859011e+06 1.059496041934393921e+12
5.169149101752086750e+00 1.032124457658459432e+06 1.065280896096769043e+12
5.182754795680573068e+00 1.031219283551951172e+06 1.063413210769399414e+12
5.196360489609059385e+00 1.027519644151676795e+06 1.055796619117588501e+12
5.209966183537545703e+00 1.023307911627200665e+06 1.047159081998822754e+12
5.223571877466032021e+00 1.020837206652979716e+06 1.042108602487058472e+12
5.237177571394518338e+00 1.020222161772879190e+06 1.040853259372526855e+12
5.250783265323004656e+00 1.021546212015215657e+06 1.043556663282635986e+12
5.264388959251490974e+00 1.024016282002770109e+06 1.048609345806776855e+12
5.277994653179977291e+00 1.025631626522304374e+06 1.051920233322787598e+12
5.291600347108463609e+00 1.027610474979838473e+06 1.055983288288289185e+12
5.305206041036949927e+00 1.030818718259182293e+06 1.062587229913503418e+12
5.318811734965436244e+00 1.033892263836074970e+06 1.068933213220084106e+12
5.332417428893921674e+00 1.036986674761503236e+06 1.075341363632919678e+12
5.346023122822407991e+00 1.039977887179978541e+06 1.081554005823332153e+12
5.359628816750894309e+00 1.041635372941544978e+06 1.085004250163071533e+12
5.373234510679380627e+00 1.042513169969837065e+06 1.086833709560558350e+12
5.386840204607866944e+00 1.043410880646050093e+06 1.088706265850565796e+12
5.400445898536353262e+00 1.044301302466259454e+06 1.090565210332725952e+12
5.414051592464839580e+00 1.045345960981140845e+06 1.092748178139584839e+12
5.427657286393325897e+00 1.047590282390677952e+06 1.097445399759380371e+12
5.441262980321812215e+00 1.049091750539695378e+06 1.100593501050442383e+12
5.454868674250298533e+00 1.048359599058480118e+06 1.099057848938057129e+12
5.468474368178784850e+00 1.044950857760884799e+06 1.091922295135208862e+12
5.482080062107271168e+00 1.040056178706696373e+06 1.081716854865975586e+12
5.495685756035757485e+00 1.036981343149842578e+06 1.075330306040851562e+12
5.509291449964243803e+00 1.036370720465235761e+06 1.074064270237631836e+12
5.522897143892730121e+00 1.037185591970396461e+06 1.075753952190981689e+12
5.536502837821216438e+00 1.037919059060130152e+06 1.077275973160265991e+12
5.550108531749702756e+00 1.040944405476043117e+06 1.083565255291872925e+12
5.563714225678189074e+00 1.043368290900965920e+06 1.088617390457602661e+12
5.577319919606675391e+00 1.042736319514630479e+06 1.087299032034917603e+12
5.590925613535161709e+00 1.040548620805699844e+06 1.082741432260644165e+12
5.604531307463648027e+00 1.038273357393103070e+06 1.078011564672346313e+12
5.618137001392134344e+00 1.037170951581069967e+06 1.075723582803582153e+12
5.631742695320620662e+00 1.036701528899090132e+06 1.074750060021711060e+12
5.645348389249106980e+00 1.037337339942568098e+06 1.076068756839123047e+12
5.658954083177593297e+00 1.038015315757525153e+06 1.077475795747194702e+12
5.672559777106079615e+00 1.037844291282574064e+06 1.077120772947828491e+12
5.686165471034565932e+00 1.036954019359782222e+06 1.075273638266407593e+12
5.699771164963052250e+00 1.036726624462093110e+06 1.074802093868565796e+12
5.713376858891538568e+00 1.036353059731653077e+06 1.074027664415159302e+12
5.726982552820024885e+00 1.035304732752658892e+06 1.071855889660054443e+12
5.740588246748511203e+00 1.035005089133350528e+06 1.071235534531934814e+12
5.754193940676997521e+00 1.033843071982920635e+06 1.068831497487082397e+12
5.767799634605483838e+00 1.031860782639792422e+06 1.064736674750004883e+12
5.781405328533970156e+00 1.031530195480895229e+06 1.064054544188853882e+12
5.795011022462456474e+00 1.030688884333503083e+06 1.062319576288641357e+12
5.808616716390942791e+00 1.028633112008957542e+06 1.058086079121232544e+12
5.822222410319429109e+00 1.025015127128826804e+06 1.050656010842924927e+12
5.835828104247915427e+00 1.020174260999496328e+06 1.040755522805868408e+12
5.849433798176401744e+00 1.016875728541075718e+06 1.034036247295943481e+12
5.863039492104888062e+00 1.014969397378392634e+06 1.030162877614657471e+12
5.876645186033374380e+00 1.014725255971497158e+06 1.029667345106420410e+12
5.890250879961860697e+00 1.015206973687031539e+06 1.030645199422781128e+12
5.903856573890347015e+00 1.014874358902778127e+06 1.029969964358324951e+12
5.917462267818833332e+00 1.014552812494893675e+06 1.029317409341298828e+12
5.931067961747319650e+00 1.014343387957034749e+06 1.028892508692155518e+12
5.944673655675805968e+00 1.012900337529701297e+06 1.025967093767782837e+12
5.958279349604292285e+00 1.011639000306959264e+06 1.023413466942063965e+12
5.971885043532778603e+00 1.010625220005514799e+06 1.021363335311195190e+12
5.985490737461264921e+00 1.007186587069967412e+06 1.014424821173649048e+12
5.999096431389751238e+00 1.003097488834619406e+06 1.006204572106319458e+12
6.012702125318237556e+00 1.000388830404857406e+06 1.000777811998798584e+12
6.026307819246723874e+00 9.978515210567759350e+05 9.957076580753212891e+11
6.039913513175210191e+00 9.955575296668709489e+05 9.911347948764025879e+11
6.053519207103696509e+00 9.926987762063852279e+05 9.854508602816549072e+11
6.067124901032182827e+00 9.883896132706843782e+05 9.769140276213730469e+11
6.080730594960669144e+00 9.837548551722960547e+05 9.677736150750651855e+11
6.094336288889155462e+00 9.796262368121136678e+05 9.596675638506634521e+11
6.107941982817641779e+00 9.767597668653065339e+05 9.540596421667679443e+11
6.121547676746128097e+00 9.748518745902400697e+05 9.503361773921051025e+11
6.135153370674614415e+00 9.721853223953719717e+05 9.451443010809932861e+11
6.148759064603100732e+00 9.685418778474401915e+05 9.380733691442457275e+11
6.162364758531587050e+00 9.645614129008088494e+05 9.303787192572047119e+11
6.175970452460072480e+00 9.600621891364677576e+05 9.217194070095068359e+11
6.189576146388558797e+00 9.560849706259384984e+05 9.140984710568016357e+11
6.203181840317045115e+00 9.528990260841632262e+05 9.080165539121467285e+11
6.216787534245531432e+00 9.474964226692705415e+05 8.977494709710649414e+11
6.230393228174017750e+00 9.403202748355808435e+05 8.842022192668623047e+11
6.243998922102504068e+00 9.341714589489417849e+05 8.726763147147944336e+11
6.257604616030990385e+00 9.299757836920261616e+05 8.648549582535982666e+11
6.271210309959476703e+00 9.267369480949173449e+05 8.588413709642814941e+11
6.284816003887963021e+00 9.222690757918368327e+05 8.505802481619288330e+11
6.298421697816449338e+00 9.172499743364138994e+05 8.413475154201519775e+11
6.312027391744935656e+00 9.125914910137979314e+05 8.328232294707868652e+11
6.325633085673421974e+00 9.105356364681154955e+05 8.290751452783961182e+11
6.339238779601908291e+00 9.104850508683008375e+05 8.289830278546523438e+11
6.352844473530394609e+00 9.099881993736353470e+05 8.280785229992711182e+11
6.366450167458880038e+00 9.084183167727640830e+05 8.252238382482619629e+11
6.380055861387366356e+00 9.054841564231428783e+05 8.199015575333306885e+11
6.393661555315852674e+00 9.005999288051365875e+05 8.110802317638171387e+11
6.407267249244338991e+00 8.946772819428379880e+05 8.004474388246243896e+11
6.420872943172825309e+00 8.893292202155573759e+05 7.909064619292113037e+11
6.434478637101311627e+00 8.849305532777722692e+05 7.831020841245041504e+11
6.448084331029797944e+00 8.811556734679928049e+05 7.764353208848319092e+11
6.461690024958284262e+00 8.753457877494284185e+05 7.662302481306673584e+11
6.475295718886770580e+00 8.684509865889893845e+05 7.542071161073890381e+11
6.488901412815256897e+00 8.627442852427295875e+05 7.443277017189884033e+11
6.502507106743743215e+00 8.575240789901791140e+05 7.353475460479549561e+11
6.516112800672229532e+00 8.520643170137932757e+05 7.260136003281820068e+11
6.529718494600715850e+00 8.459194653046375606e+05 7.155797417812839355e+11
6.543324188529202168e+00 8.403571245208430337e+05 7.062000967329396973e+11
6.556929882457688485e+00 8.361745982567421161e+05 6.991879587698240967e+11
6.570535576386174803e+00 8.323000300856989343e+05 6.927233400806553955e+11
6.584141270314661121e+00 8.287231242610906484e+05 6.867820166850631104e+11
6.597746964243147438e+00 8.257062534753722139e+05 6.817908170283355713e+11
6.611352658171633756e+00 8.212494753685448086e+05 6.744507007931101074e+11
6.624958352100120074e+00 8.151732873814669438e+05 6.645074884603077393e+11
6.638564046028606391e+00 8.104234056846499443e+05 6.567860964815067139e+11
6.652169739957092709e+00 8.064920887407675618e+05 6.504294892014460449e+11
6.665775433885579027e+00 8.015978699950223090e+05 6.425591451805566406e+11
6.679381127814065344e+00 7.958146477468297817e+05 6.333209535684107666e+11
6.692986821742551662e+00 7.885801104080071673e+05 6.218585905311047363e+11
6.706592515671037980e+00 7.815040676354818279e+05 6.107486077308037109e+11
6.720198209599524297e+00 7.752223179246521322e+05 6.009696422084704590e+11
6.733803903528010615e+00 7.689367592734794598e+05 5.912637397620008545e+11
6.747409597456496932e+00 7.630000212696967646e+05 5.821690324575577393e+11
6.761015291384983250e+00 7.567699284026745008e+05 5.727007245345891113e+11
6.774620985313469568e+00 7.512890744055471150e+05 5.644352733211436768e+11
6.788226679241955885e+00 7.472155187378276605e+05 5.583310314426408691e+11
6.801832373170442203e+00 7.428748531719945604e+05 5.518630474753125000e+11
6.815438067098928521e+00 7.380127976399866166e+05 5.446628894803998413e+11
6.829043761027414838e+00 7.339182733182262164e+05 5.386360319104066162e+11
6.842649454955901156e+00 7.298628503331686370e+05 5.326997802964573364e+11
6.856255148884387474e+00 7.240564489430299727e+05 5.242577412559905396e+11
6.869860842812873791e+00 7.172209341144165955e+05 5.144058683319562988e+11
6.883466536741360109e+00 7.114431522902009310e+05 5.061513589406180420e+11
6.897072230669846427e+00 7.048962666414001724e+05 4.968787467249839478e+11
6.910677924598332744e+00 6.967196767068695044e+05 4.854183079105247803e+11
6.924283618526819062e+00 6.886337511771561112e+05 4.742164432603213501e+11
6.937889312455305380e+00 6.813905723548764363e+05 4.642931120941060791e+11
6.951495006383791697e+00 6.761744527695237193e+05 4.572118905781648560e+11
6.965100700312278015e+00 6.721941623227952514e+05 4.518449918608444214e+11
6.978706394240764332e+00 6.690827111254403135e+05 4.476716743269694214e+11
6.992312088169250650e+00 6.681131082464870997e+05 4.463751254107821655e+11
7.005917782097736968e+00 6.673966860854147235e+05 4.454183365977935791e+11
7.019523476026223285e+00 6.645560693160735536e+05 4.416347692648299561e+11
7.033129169954709603e+00 6.621516161678617354e+05 4.384447627937113037e+11
7.046734863883195921e+00 6.624308309300937690e+05 4.388146057667344971e+11
7.060340557811682238e+00 6.635861132483151741e+05 4.403465296960057983e+11
7.073946251740168556e+00 6.640597844935114263e+05 4.409753973815688477e+11
7.087551945668654874e+00 6.640411424778160872e+05 4.409506389032432251e+11
7.101157639597141191e+00 6.638754816425114404e+05 4.407306551260765381e+11
7.114763333525627509e+00 6.627166802643864648e+05 4.391933983006490479e+11
7.128369027454113827e+00 6.611789051888319664e+05 4.371575446667024536e+11
7.141974721382600144e+00 6.621204514653201913e+05 4.384034922486394043e+11
7.155580415311086462e+00 6.637991101391186239e+05 4.406292586214857178e+11
7.169186109239572779e+00 6.635630997461031657e+05 4.403159873446568604e+11
7.182791803168059097e+00 6.632263638259654399e+05 4.398692096738118896e+11
7.196397497096545415e+00 6.638101409130432876e+05 4.406439031789943848e+11
7.210003191025031732e+00 6.656954513105886290e+05 4.431504338956082764e+11
7.223608884953518050e+00 6.693513068665865576e+05 4.480311720040073242e+11
7.237214578882004368e+00 6.741456804247495020e+05 4.544723984353485107e+11
7.250820272810490685e+00 6.795647850553541211e+05 4.618082970873296509e+11
7.264425966738977003e+00 6.857179408253228758e+05 4.702090943697210083e+11
7.278031660667463321e+00 6.919956633207802661e+05 4.788579980547666626e+11
7.291637354595949638e+00 6.971806220761924051e+05 4.860608197985466309e+11
7.305243048524435956e+00 7.025316566898882156e+05 4.935507286514389648e+11
7.318848742452922274e+00 7.083935402470749104e+05 5.018214078637841187e+11
7.332454436381408591e+00 7.138132917923324276e+05 5.095294155394055176e+11
7.346060130309894909e+00 7.189138470672564581e+05 5.168371195050426025e+11
7.359665824238381227e+00 7.226155407480422873e+05 5.221732197305855713e+11
7.373271518166867544e+00 7.248741442161389859e+05 5.254425249530798340e+11
7.386877212095353862e+00 7.268263544929949567e+05 5.282765495855767822e+11
7.400482906023840179e+00 7.312217250448636478e+05 5.346852111775861816e+11
7.414088599952326497e+00 7.381883754229695769e+05 5.449220776096030884e+11
7.427694293880812815e+00 7.449696686019389890e+05 5.549798071368828125e+11
7.441299987809299132e+00 7.506612735188993393e+05 5.634923475610157471e+11
7.454905681737783674e+00 7.564938545673695626e+05 5.722829519981965332e+11
7.468511375666269991e+00 7.638132694365447387e+05 5.834107105673437500e+11
7.482117069594756309e+00 7.718384685112510342e+05 5.957346214737934570e+11
7.495722763523242627e+00 7.807314805261272704e+05 6.095416446845186768e+11
7.509328457451728944e+00 7.898156624233090552e+05 6.238087806091705322e+11
7.522934151380215262e+00 7.983091261047619628e+05 6.372974608221486816e+11
7.536539845308701580e+00 8.071137656491419766e+05 6.514326307003381348e+11
7.550145539237187897e+00 8.177028907161796233e+05 6.686380174855964355e+11
7.563751233165674215e+00 8.275747663593643811e+05 6.848799939147565918e+11
7.577356927094160532e+00 8.358440357147395844e+05 6.986352520399028320e+11
7.590962621022646850e+00 8.409083678737001028e+05 7.071268831600101318e+11
7.604568314951133168e+00 8.426869685392447282e+05 7.101213269458620605e+11
7.618174008879619485e+00 8.450812453460645629e+05 7.141623112356553955e+11
7.631779702808105803e+00 8.486531225038919365e+05 7.202121223356058350e+11
7.645385396736592121e+00 8.522695960500752553e+05 7.263634643513583984e+11
7.658991090665078438e+00 8.558794165561614791e+05 7.325295756845153809e+11
7.672596784593564756e+00 8.623540030017894460e+05 7.436544264932103271e+11
7.686202478522051074e+00 8.702102604918598663e+05 7.572658974653105469e+11
7.699808172450537391e+00 8.775628830732521601e+05 7.701166137478385010e+11
7.713413866379023709e+00 8.835852847984114196e+05 7.807229555122897949e+11
7.727019560307510027e+00 8.871639521791100269e+05 7.870598780460582275e+11
7.740625254235996344e+00 8.920055571049884893e+05 7.956739139061809082e+11
7.754230948164482662e+00 8.953088801857333165e+05 8.015779909394317627e+11
7.767836642092968980e+00 8.956952202026400482e+05 8.022699274938558350e+11
7.781442336021455297e+00 8.959708053220815491e+05 8.027636839894993896e+11
7.795048029949940727e+00 8.959871750786154298e+05 8.027930179053574219e+11
7.808653723878427044e+00 8.949678426432954147e+05 8.009674393655943604e+11
7.822259417806913362e+00 8.966045793477087282e+05 8.038997717072817383e+11
7.835865111735399680e+00 8.987647721184954280e+05 8.077781156012110596e+11
7.849470805663885997e+00 8.978874026524019428e+05 8.062017878418765869e+11
7.863076499592372315e+00 8.993850760578899644e+05 8.088935150356564941e+11
7.876682193520858632e+00 9.012924223581789993e+05 8.123280306002741699e+11
7.890287887449344950e+00 9.022685254225827521e+05 8.140884919682418213e+11
7.903893581377831268e+00 9.062513742792559788e+05 8.212915533830401611e+11
7.917499275306317585e+00 9.106054604905277956e+05 8.292023046751661377e+11
7.931104969234803903e+00 9.131772450816691853e+05 8.338926809349468994e+11
7.944710663163290221e+00 9.181375015765932621e+05 8.429764718013088379e+11
7.958316357091776538e+00 9.259506980503357481e+05 8.573846952199040527e+11
7.971922051020262856e+00 9.358204601310890866e+05 8.757599335999632568e+11
7.985527744948749174e+00 9.457586514809228247e+05 8.944594268510136719e+11
7.999133438877235491e+00 9.522169082852856955e+05 9.067170404243881836e+11
8.012739132805721809e+00 9.580093835204371717e+05 9.177819789132081299e+11
8.026344826734208127e+00 9.661808936516500544e+05 9.335055192575010986e+11
8.039950520662694444e+00 9.734388875754709588e+05 9.475832678441704102e+11
8.053556214591180762e+00 9.782515213623024756e+05 9.569760390476593018e+11
8.067161908519667080e+00 9.833396442485813750e+05 9.669568559509266357e+11
8.080767602448153397e+00 9.858266909678684315e+05 9.718542646246571045e+11
8.094373296376639715e+00 9.870341503412824823e+05 9.742364139399373779e+11
8.107978990305126032e+00 9.889408202655189671e+05 9.780039459874375000e+11
8.121584684233612350e+00 9.897508608679691097e+05 9.796067665888859863e+11
8.135190378162098668e+00 9.905136120049442397e+05 9.811172155670811768e+11
8.148796072090584985e+00 9.919854663587770192e+05 9.840351654670402832e+11
8.162401766019071303e+00 9.935788566293105250e+05 9.871989443408079834e+11
8.176007459947557621e+00 9.943350322010155069e+05 9.887021562621945801e+11
8.189613153876043938e+00 9.955865649517184356e+05 9.911926083123623047e+11
8.203218847804530256e+00 9.977381559301823145e+05 9.954814277989608154e+11
8.216824541733016574e+00 9.998134784141085111e+05 9.996269916185190430e+11
8.230430235661502891e+00 1.001135837509457720e+06 1.002272965145763306e+12
8.244035929589989209e+00 1.002713235234807595e+06 1.005433832115054565e+12
8.257641623518475527e+00 1.005340605466517387e+06 1.010709732999783813e+12
8.271247317446961844e+00 1.006468179918045644e+06 1.012978197187543457e+12
8.284853011375448162e+00 1.009678928020166350e+06 1.019451537687952271e+12
8.298458705303934480e+00 1.013452322271822253e+06 1.027085609518149414e+12
8.312064399232420797e+00 1.013507413060855237e+06 1.027197276329307007e+12
8.325670093160907115e+00 1.013244783127561561e+06 1.026664990535219238e+12
8.339275787089393432e+00 1.012564965963185183e+06 1.025287810296026367e+12
8.352881481017879750e+00 1.013759053879649611e+06 1.027707419322962280e+12
8.366487174946366068e+00 1.017673472953316523e+06 1.035659297552864624e+12
8.380092868874852385e+00 1.020624550806491869e+06 1.041674473708953247e+12
8.393698562803338703e+00 1.020484643400746398e+06 1.041388907416748535e+12
8.407304256731825021e+00 1.020770482370826183e+06 1.041972377679569214e+12
8.420909950660311338e+00 1.022349599825441837e+06 1.045198704263241089e+12
8.434515644588797656e+00 1.023368255423509749e+06 1.047282586208557861e+12
8.448121338517283974e+00 1.026139632336265175e+06 1.052962545051205444e+12
8.461727032445770291e+00 1.031677916768344934e+06 1.064359323947472046e+12
8.475332726374256609e+00 1.036399026127379737e+06 1.074122941357781128e+12
8.488938420302742927e+00 1.040466976420554332e+06 1.082571529021730347e+12
8.502544114231229244e+00 1.045686344624146703e+06 1.093459931333409668e+12
8.516149808159715562e+00 1.049326836665743496e+06 1.101086810146936035e+12
8.529755502088201879e+00 1.049422781591121806e+06 1.101288174522447266e+12
8.543361196016688197e+00 1.047815023096079123e+06 1.097916322625836792e+12
8.556966889945174515e+00 1.045949816124738310e+06 1.094011017851373901e+12
8.570572583873660832e+00 1.044834314632937661e+06 1.091678745034480591e+12
8.584178277802147150e+00 1.043603570247919066e+06 1.089108411834203369e+12
8.597783971730633468e+00 1.043187238398361951e+06 1.088239614357200806e+12
8.611389665659119785e+00 1.046603877218443551e+06 1.095379675808678833e+12
8.624995359587606103e+00 1.053091489973214222e+06 1.109001686254004395e+12
8.638601053516092421e+00 1.062722814660127973e+06 1.129379780799144775e+12
8.652206747444578738e+00 1.071228101450933143e+06 1.147529645338170654e+12
8.665812441373065056e+00 1.073132664749519899e+06 1.151613716152405518e+12
8.679418135301551374e+00 1.074030901678340044e+06 1.153542377759988037e+12
8.693023829230037691e+00 1.076392850642030127e+06 1.158621568913275879e+12
8.706629523158524009e+00 1.076938918475099839e+06 1.159797434126317627e+12
8.720235217087010327e+00 1.077562831602594582e+06 1.161141656051401611e+12
8.733840911015496644e+00 1.077883272571217036e+06 1.161832349288836670e+12
8.747446604943982962e+00 1.076336670046159299e+06 1.158500627286054688e+12
8.761052298872469279e+00 1.075655321535801981e+06 1.157034370748289551e+12
8.774657992800955597e+00 1.077559707444972359e+06 1.161134923108894531e+12
8.788263686729441915e+00 1.079853875903193373e+06 1.166084393303149414e+12
8.801869380657928232e+00 1.081406781296183821e+06 1.169440626633372314e+12
8.815475074586414550e+00 1.083577274299388053e+06 1.174139709378091309e+12
8.829080768514900868e+00 1.084958526404436911e+06 1.177135004017687256e+12
8.842686462443387185e+00 1.084640804832208203e+06 1.176445675507060303e+12
8.856292156371873503e+00 1.085268347401184263e+06 1.177807385870897461e+12
8.869897850300359821e+00 1.087096802119217115e+06 1.181779457177828369e+12
8.883503544228846138e+00 1.089692041403759271e+06 1.187428745098692139e+12
8.897109238157332456e+00 1.091929656715100631e+06 1.192310375213957520e+12
8.910714932085818774e+00 1.092326557597411331e+06 1.193177308432610840e+12
8.924320626014305091e+00 1.093629579448981909e+06 1.196025657045757080e+12
8.937926319942791409e+00 1.096467373019451741e+06 1.202240700096177490e+12
8.951532013871277726e+00 1.100245402762362035e+06 1.210539946299712158e+12
8.965137707799764044e+00 1.104844100466756383e+06 1.220680486336196045e+12
8.978743401728250362e+00 1.110890919310070807e+06 1.234078634605574219e+12
8.992349095656736679e+00 1.118093204407655168e+06 1.250132413742578613e+12
9.005954789585222997e+00 1.120442735400276724e+06 1.255391923311254639e+12
9.019560483513709315e+00 1.117640629588157171e+06 1.249120576906212402e+12
9.033166177442195632e+00 1.115023499687771080e+06 1.243277404855964844e+12
9.046771871370681950e+00 1.112977967559615849e+06 1.238719956273133301e+12
9.060377565299168268e+00 1.111768855846911436e+06 1.236029988831150635e+12
9.073983259227654585e+00 1.112389199217138113e+06 1.237409730534945801e+12
9.087588953156140903e+00 1.113290646724714199e+06 1.239416064084732422e+12
9.101194647084627221e+00 1.117506022734616883e+06 1.248819710848142090e+12
9.114800341013113538e+00 1.123433503429498989e+06 1.262102836627878174e+12
9.128406034941599856e+00 1.126852795644592494e+06 1.269797223052033691e+12
9.142011728870086174e+00 1.130277201825801982e+06 1.277526552967164795e+12
9.155617422798570715e+00 1.133972648076959187e+06 1.285893966586671143e+12
9.169223116727057032e+00 1.137535877156465314e+06 1.293987871818128906e+12
9.182828810655543350e+00 1.137529653128571576e+06 1.293973711746808350e+12
9.196434504584029668e+00 1.137591043654535664e+06 1.294113382603015625e+12
9.210040198512515985e+00 1.140532384140092880e+06 1.300814119272284424e+12
9.223645892441002303e+00 1.142339544663516805e+06 1.304939635302051025e+12
9.237251586369488621e+00 1.144923597236017929e+06 1.310850043507863281e+12
9.250857280297974938e+00 1.148803183019395452e+06 1.319748753315494629e+12
9.264462974226461256e+00 1.151239831475882325e+06 1.325353149576617920e+12
9.278068668154947574e+00 1.153326745261939010e+06 1.330162581336497559e+12
9.291674362083433891e+00 1.158689217782213585e+06 1.342560703404758057e+12
9.305280056011920209e+00 1.166077802240996622e+06 1.359737440879192871e+12
9.318885749940406527e+00 1.173296394726676866e+06 1.376624429878617920e+12
9.332491443868892844e+00 1.180274894185408251e+06 1.393048825844376709e+12
9.346097137797379162e+00 1.186554312381450552e+06 1.407911136231016846e+12
9.359702831725865479e+00 1.191691934023427079e+06 1.420129665616496094e+12
9.373308525654351797e+00 1.196464281430922681e+06 1.431526776740014160e+12
9.386914219582838115e+00 1.201174012278024340e+06 1.442819007772087402e+12
9.400519913511324432e+00 1.204806182801138842e+06 1.451557938115851074e+12
9.414125607439810750e+00 1.207822171361880843e+06 1.458834397633328613e+12
9.427731301368297068e+00 1.212836713806896005e+06 1.470972894357910645e+12
9.441336995296783385e+00 1.219428465806943597e+06 1.487005783220276123e+12
9.454942689225269703e+00 1.225298709825400496e+06 1.501356928299791016e+12
9.468548383153756021e+00 1.230843968715257011e+06 1.514976875322724609e+12
9.482154077082242338e+00 1.236492519607249182e+06 1.528913751044683594e+12
9.495759771010728656e+00 1.242716415823381860e+06 1.544344090156912598e+12
9.509365464939214974e+00 1.248136547543751542e+06 1.557844841314435547e+12
9.522971158867701291e+00 1.251923862763197627e+06 1.567313358155925781e+12
9.536576852796187609e+00 1.256169204454449937e+06 1.577961070219725586e+12
9.550182546724673927e+00 1.260316932848660974e+06 1.588398771225056152e+12
9.563788240653160244e+00 1.264626827056187904e+06 1.599281011710201416e+12
9.577393934581646562e+00 1.269071001237975433e+06 1.610541206183157471e+12
9.590999628510132879e+00 1.271871977172392886e+06 1.617658326316411865e+12
9.604605322438619197e+00 1.274441580792674329e+06 1.624201342853330566e+12
9.618211016367105515e+00 1.276866979235046078e+06 1.630389282660831543e+12
9.631816710295591832e+00 1.277046333715001820e+06 1.630847338454927734e+12
9.645422404224078150e+00 1.277162262935189996e+06 1.631143445865735352e+12
9.659028098152564468e+00 1.278853407720122254e+06 1.635466038437369141e+12
9.672633792081050785e+00 1.282988701345419511e+06 1.646060007780006104e+12
9.686239486009537103e+00 1.289210135241019540e+06 1.662062772808167969e+12
9.699845179938023421e+00 1.295687311288542114e+06 1.678805608634131348e+12
9.713450873866509738e+00 1.302817181990188779e+06 1.697332609688856689e+12
9.727056567794996056e+00 1.308457256516878027e+06 1.712060392131675049e+12
9.740662261723482374e+00 1.312316240452464903e+06 1.722173914955291748e+12
9.754267955651968691e+00 1.315552654912612401e+06 1.730678787847623047e+12
9.767873649580455009e+00 1.317658480356741697e+06 1.736223870856037842e+12
9.781479343508941326e+00 1.319543506717609474e+06 1.741195066120605957e+12
9.795085037437427644e+00 1.319251364668798866e+06 1.740424163180488037e+12
9.808690731365913962e+00 1.318140353536811657e+06 1.737493991622150879e+12
9.822296425294400279e+00 1.319757866646224633e+06 1.741760826574593994e+12
9.835902119222886597e+00 1.323677059348042123e+06 1.752120957444280273e+12
9.849507813151372915e+00 1.327728649485618807e+06 1.762863366664905273e+12
9.863113507079859232e+00 1.331549444725351408e+06 1.773023923748391602e+12
9.876719201008345550e+00 1.336260031232780777e+06 1.785590871070232178e+12
9.890324894936831868e+00 1.341451065003145719e+06 1.799490959798073975e+12
9.903930588865318185e+00 1.346059609977521002e+06 1.811876473612835938e+12
9.917536282793804503e+00 1.349776629035743885e+06 1.821896948291096191e+12
9.931141976722289044e+00 1.353858527027584612e+06 1.832932911205301025e+12
9.944747670650775362e+00 1.358512690413658042e+06 1.845556730014955566e+12
9.958353364579261680e+00 1.363280970227251295e+06 1.858535003783755615e+12
9.971959058507747997e+00 1.367879465711095836e+06 1.871094232714072998e+12
9.985564752436234315e+00 1.371208318659436656e+06 1.880212253160839111e+12
9.999170446364720632e+00 1.373999035496460274e+06 1.887873349545203125e+12
1.001277614029320695e+01 1.376739858539582696e+06 1.895412638091590088e+12
1.002638183422169327e+01 1.378350713051636005e+06 1.899850688169953369e+12
1.003998752815017959e+01 1.379841990875332616e+06 1.903963919782801514e+12
1.005359322207866590e+01 1.382147020074425032e+06 1.910330385100613037e+12
1.006719891600715222e+01 1.386106866482668323e+06 1.921292245310401611e+12
1.008080460993563854e+01 1.389471684273793362e+06 1.930631561398652100e+12
1.009441030386412486e+01 1.389580486071924912e+06 1.930933927271887207e+12
1.010801599779261117e+01 1.389276393134108279e+06 1.930088896519717285e+12
1.012162169172109749e+01 1.389836044988039415e+06 1.931644231947995605e+12
1.013522738564958381e+01 1.390062725824248279e+06 1.932274381725939209e+12
1.014883307957807013e+01 1.391586318421575706e+06 1.936512481618114990e+12
1.016243877350655644e+01 1.394267558269042755e+06 1.943982024041518555e+12
1.017604446743504276e+01 1.397225451582940528e+06 1.952238962551152100e+12
1.018965016136352908e+01 1.401062765230241697e+06 1.962976872114611328e+12
1.020325585529201540e+01 1.405805017349944217e+06 1.976287746806276855e+12
1.021686154922050171e+01 1.411394267231057864e+06 1.992033777572694824e+12
1.023046724314898803e+01 1.415844422905259999e+06 2.004615429871928711e+12
1.024407293707747435e+01 1.418681241939133499e+06 2.012656466229962158e+12
1.025767863100596067e+01 1.421075589576671366e+06 2.019455831290684082e+12
1.027128432493444699e+01 1.424478943320439197e+06 2.029140259963314941e+12
1.028489001886293330e+01 1.427326965143059380e+06 2.037262265424496338e+12
1.029849571279141962e+01 1.429630079259245191e+06 2.043842163522795654e+12
1.031210140671990594e+01 1.433284768391659018e+06 2.054305227303531738e+12
1.032570710064839226e+01 1.437818334025408141e+06 2.067321561659600098e+12
1.033931279457687857e+01 1.443032635274345987e+06 2.082343186466823730e+12
1.035291848850536489e+01 1.446922178206813056e+06 2.093583789786748535e+12
1.036652418243385121e+01 1.449726330287804827e+06 2.101706432729745361e+12
1.038012987636233753e+01 1.454297188864350552e+06 2.114980313538752441e+12
1.039373557029082384e+01 1.458996121062991675e+06 2.128669681276855957e+12
1.040734126421931016e+01 1.461294863168893149e+06 2.135382677123794189e+12
1.042094695814779648e+01 1.463792698161494220e+06 2.142689063190907227e+12
1.043455265207628280e+01 1.466512228353811428e+06 2.150658115911261475e+12
1.044815834600476911e+01 1.467930830631238874e+06 2.154820923517718994e+12
1.046176403993325543e+01 1.468992305927266832e+06 2.157938394873508789e+12
1.047536973386174175e+01 1.470091203984010033e+06 2.161168148031156250e+12
1.048897542779022807e+01 1.470649714276128914e+06 2.162810582100459717e+12
1.050258112171871439e+01 1.469700013186802156e+06 2.160018128761286377e+12
1.051618681564720070e+01 1.468934187306695385e+06 2.157767646638381592e+12
1.052979250957568702e+01 1.469541420209992211e+06 2.159551985712801025e+12
1.054339820350417334e+01 1.469767440794639522e+06 2.160216330020024170e+12
1.055700389743265966e+01 1.470182142265434377e+06 2.161435531436181885e+12
1.057060959136114597e+01 1.471510310990387108e+06 2.165342595351025879e+12
1.058421528528963229e+01 1.472358603066109819e+06 2.167839856022786377e+12
1.059782097921811861e+01 1.472640383838323876e+06 2.168669700111485840e+12
1.061142667314660493e+01 1.473052818746983074e+06 2.169884606818432129e+12
1.062503236707509124e+01 1.473508168949739542e+06 2.171226323961614258e+12
1.063863806100357756e+01 1.474735611655124230e+06 2.174845124283813477e+12
1.065224375493206388e+01 1.477726579504037509e+06 2.183675843772702393e+12
1.066584944886055020e+01 1.481190874508829787e+06 2.193926406728231934e+12
1.067945514278903651e+01 1.484071877760673175e+06 2.202469338360090332e+12
1.069306083671752283e+01 1.486373105257733259e+06 2.209305008033516602e+12
1.070666653064600915e+01 1.487921036668983288e+06 2.213909011362102051e+12
1.072027222457449547e+01 1.487502335646414664e+06 2.212663198553539062e+12
1.073387791850298179e+01 1.487419974377870793e+06 2.212418180178265625e+12
1.074748361243146810e+01 1.490159948638729984e+06 2.220576672526982422e+12
1.076108930635995442e+01 1.494334017606179230e+06 2.233034156175024902e+12
1.077469500028844074e+01 1.498378792071044212e+06 2.245139004528281738e+12
1.078830069421692706e+01 1.502045205696942750e+06 2.256139799957170898e+12
1.080190638814541337e+01 1.504055564633914735e+06 2.262183141506244141e+12
1.081551208207389969e+01 1.503031839986358071e+06 2.259104712012776855e+12
1.082911777600238601e+01 1.501224772714846535e+06 2.253675818212742676e+12
1.084272346993087233e+01 1.499843414650149411e+06 2.249530268469419922e+12
1.085632916385935687e+01 1.499900698923665099e+06 2.249702106631699219e+12
1.086993485778784319e+01 1.500287734447463648e+06 2.250863286133503418e+12
1.088354055171632950e+01 1.499695945217171917e+06 2.249087928100826660e+12
1.089714624564481582e+01 1.499105190690354677e+06 2.247316372754764648e+12
1.091075193957330214e+01 1.498685748099604156e+06 2.246058971556870117e+12
1.092435763350178846e+01 1.499751930519802030e+06 2.249255853097873047e+12
1.093796332743027477e+01 1.501870189559602411e+06 2.255614066287795898e+12
1.095156902135876109e+01 1.503328460622382117e+06 2.259996460517261230e+12
1.096517471528724741e+01 1.503819093297523214e+06 2.261471865366185059e+12
1.097878040921573373e+01 1.502882185829340713e+06 2.258654864483176758e+12
1.099238610314422004e+01 1.501325206262257183e+06 2.253977374958409180e+12
1.100599179707270636e+01 1.499515332551374799e+06 2.248546232556660156e+12
1.101959749100119268e+01 1.497430581369043794e+06 2.242298346019232422e+12
1.103320318492967900e+01 1.495710912147634430e+06 2.237151132717508789e+12
1.104680887885816531e+01 1.494347756961059757e+06 2.233075218734550293e+12
1.106041457278665163e+01 1.493355229162500473e+06 2.230109840466984375e+12
1.107402026671513795e+01 1.493325262242294615e+06 2.230020338851018066e+12
1.108762596064362427e+01 1.493971064297040924e+06 2.231949540956833008e+12
1.110123165457211059e+01 1.494330140681445366e+06 2.233022569349028320e+12
1.111483734850059690e+01 1.494164140882702777e+06 2.232526479899745117e+12
1.112844304242908322e+01 1.493545611644702265e+06 2.230678494063147949e+12
1.114204873635756954e+01 1.492742083232220495e+06 2.228278927052469727e+12
1.115565443028605586e+01 1.491250005745364353e+06 2.223826579635549316e+12
1.116926012421454217e+01 1.488921342624852667e+06 2.216886764523793945e+12
1.118286581814302849e+01 1.486945995762606850e+06 2.211008394314450195e+12
1.119647151207151481e+01 1.485443974246542435e+06 2.206543800625362793e+12
1.121007720600000113e+01 1.483846826746956212e+06 2.201801405247011719e+12
1.122368289992848744e+01 1.482820486888848944e+06 2.198756596337282959e+12
1.123728859385697376e+01 1.482215621144927340e+06 2.196963147566042725e+12
1.125089428778546008e+01 1.481193292836237233e+06 2.193933570743055176e+12
1.126449998171394640e+01 1.479753146678371821e+06 2.189669375104542969e+12
1.127810567564243271e+01 1.478164580413058633e+06 2.184970526787713623e+12
1.129171136957091903e+01 1.477143678575565806e+06 2.181953447155754395e+12
1.130531706349940535e+01 1.476564351767500397e+06 2.180242284910578613e+12
1.131892275742789167e+01 1.476363626695692539e+06 2.179649558230058105e+12
1.133252845135637799e+01 1.476897690923575545e+06 2.181226789455389160e+12
1.134613414528486430e+01 1.476915747109418502e+06 2.181280124059771729e+12
1.135973983921335062e+01 1.475534778413474560e+06 2.177202882307701416e+12
1.137334553314183694e+01 1.473791523602221394e+06 2.172061455041757080e+12
1.138695122707032326e+01 1.472150791873913025e+06 2.167227954014989258e+12
1.140055692099880957e+01 1.470848924483458744e+06 2.163396558654147217e+12
1.141416261492729589e+01 1.470386469622729113e+06 2.162036370049592773e+12
1.142776830885578221e+01 1.470355212530746358e+06 2.161944451016336182e+12
1.144137400278426853e+01 1.470286241829161299e+06 2.161741632912118896e+12
1.145497969671275484e+01 1.470431021323953290e+06 2.162167388471804443e+12
1.146858539064124116e+01 1.470703382186141564e+06 2.162968438373755859e+12
1.148219108456972748e+01 1.470901229688483989e+06 2.163550427499094238e+12
1.149579677849821380e+01 1.471270834669991629e+06 2.164637868950533936e+12
1.150940247242670011e+01 1.472028597624780610e+06 2.166868192225178223e+12
1.152300816635518643e+01 1.473204740416113753e+06 2.170332207184509033e+12
1.153661386028367275e+01 1.475299810514171608e+06 2.176509530903150635e+12
1.155021955421215907e+01 1.476817706514191581e+06 2.180990538273836914e+12
1.156382524814064539e+01 1.476729486768477364e+06 2.180729977091490479e+12
1.157743094206913170e+01 1.476621779991368996e+06 2.180411881144878906e+12
1.159103663599761802e+01 1.477226021429804852e+06 2.182196718389330322e+12
1.160464232992610434e+01 1.477619452661968535e+06 2.183359246885055420e+12
1.161824802385459066e+01 1.477810460460045375e+06 2.183923757045131348e+12
1.163185371778307697e+01 1.478376857878561364e+06 2.185598133910887939e+12
1.164545941171156329e+01 1.479505520388470497e+06 2.188936584859958984e+12
1.165906510564004961e+01 1.480931926883836975e+06 2.193159372063874268e+12
1.167267079956853593e+01 1.482482992428181693e+06 2.197755822838816162e+12
1.168627649349702224e+01 1.484467110468409257e+06 2.203642602062428223e+12
1.169988218742550856e+01 1.486324238510688767e+06 2.209159741984378906e+12
1.171348788135399488e+01 1.487549290765430080e+06 2.212802892456733887e+12
1.172709357528248120e+01 1.488104725458631525e+06 2.214455673932309082e+12
1.174069926921096751e+01 1.488659712495307904e+06 2.216107739606612793e+12
1.175430496313945383e+01 1.490100820394710870e+06 2.220400454940990234e+12
1.176791065706794015e+01 1.492042816467406694e+06 2.226191766171991699e+12
1.178151635099642647e+01 1.493352685275048018e+06 2.230102242618196777e+12
1.179512204492491279e+01 1.494525966000373475e+06 2.233607863049349609e+12
1.180872773885339910e+01 1.495420830138243968e+06 2.236283459211354492e+12
1.182233343278188542e+01 1.495984374711213401e+06 2.237969249380100098e+12
1.183593912671037174e+01 1.497032521232684841e+06 2.241106369628289062e+12
1.184954482063885806e+01 1.498124519690304296e+06 2.244377076497305176e+12
1.186315051456734437e+01 1.499435703296863474e+06 2.248307428321359375e+12
1.187675620849583069e+01 1.499855976542434888e+06 2.249567950370061035e+12
1.189036190242431701e+01 1.499053345566076227e+06 2.247160932852845703e+12
1.190396759635280333e+01 1.498494595283272211e+06 2.245486052093177734e+12
1.191757329028128964e+01 1.498160850136424415e+06 2.244485932881494141e+12
1.193117898420977596e+01 1.498228069406498456e+06 2.244687347957523438e+12
1.194478467813826228e+01 1.499237833415693603e+06 2.247714081144982910e+12
1.195839037206674860e+01 1.500744258801211370e+06 2.252233330324797363e+12
1.197199606599523491e+01 1.501747131477806019e+06 2.255244446901818848e+12
1.198560175992372123e+01 1.502534395273493137e+06 2.257609608979881836e+12
1.199920745385220755e+01 1.503854178395968396e+06 2.261577389879013184e+12
1.201281314778069387e+01 1.505706786619623657e+06 2.267152927272393066e+12
1.202641884170918019e+01 1.507340863449493423e+06 2.272076478624664551e+12
1.204002453563766650e+01 1.508919385147662833e+06 2.276837710874400879e+12
1.205363022956615282e+01 1.509767091389452107e+06 2.279396670242566406e+12
1.206723592349463914e+01 1.509498672914561117e+06 2.278586243530821289e+12
1.208084161742312546e+01 1.509267563714583870e+06 2.277888578880955566e+12
1.209444731135161177e+01 1.509054251080973074e+06 2.277244732705556641e+12
1.210805300528009809e+01 1.508713826603942784e+06 2.276217410585912109e+12
1.212165869920858441e+01 1.508382660360377748e+06 2.275218250075850586e+12
1.213526439313707073e+01 1.507901095565046649e+06 2.273765714006268066e+12
1.214887008706555704e+01 1.507608605861313408e+06 2.272883708467093262e+12
1.216247578099404336e+01 1.508105173059751280e+06 2.274381213009582520e+12
1.217608147492252968e+01 1.508788219797459198e+06 2.276441892199585938e+12
1.218968716885101600e+01 1.509246342457954539e+06 2.277824522222713379e+12
1.220329286277950231e+01 1.510200897334365873e+06 2.280706750309523926e+12
1.221689855670798863e+01 1.512017751027011778e+06 2.286197679420782715e+12
1.223050425063647495e+01 1.514035020244410960e+06 2.292302042526494141e+12
1.224410994456496127e+01 1.515771920062966412e+06 2.297564513651372070e+12
1.225771563849344759e+01 1.517212101584907388e+06 2.301932561195691406e+12
1.227132133242193390e+01 1.517502657592576928e+06 2.302814315800533691e+12
1.228492702635042022e+01 1.517778411725624232e+06 2.303651307100358398e+12
1.229853272027890654e+01 1.519626568895542296e+06 2.309264908893238281e+12
1.231213841420739286e+01 1.521655221569093177e+06 2.315434613328485840e+12
1.232574410813587917e+01 1.523089624886928592e+06 2.319802005438205078e+12
1.233934980206436549e+01 1.524259859275891678e+06 2.323368118599761230e+12
1.235295549599285181e+01 1.525235932636132929e+06 2.326344650204414062e+12
1.236656118992133813e+01 1.525688523476531496e+06 2.327725470667999023e+12
1.238016688384982444e+01 1.525624213942583185e+06 2.327529242167924805e+12
1.239377257777831076e+01 1.526192517272406491e+06 2.329263599778284668e+12
1.240737827170679708e+01 1.527849144819124602e+06 2.334323009324530273e+12
1.242098396563528340e+01 1.529997433095382759e+06 2.340892145278460449e+12
1.243458965956376971e+01 1.532350328055357328e+06 2.348097527891361328e+12
1.244819535349225603e+01 1.534707070494288113e+06 2.355325792225159668e+12
1.246180104742074235e+01 1.536945944168303395e+06 2.362202835295397461e+12
1.247540674134922867e+01 1.538853585304607637e+06 2.368070357004845215e+12
1.248901243527771499e+01 1.540346319515165174e+06 2.372666784043915527e+12
1.250261812920620130e+01 1.542007996820633998e+06 2.377788662258784180e+12
1.251622382313468762e+01 1.544235200369052356e+06 2.384662354058847168e+12
1.252982951706317394e+01 1.546847559357356746e+06 2.392737371889811523e+12
1.254343521099166026e+01 1.549925648802329088e+06 2.402269516815320801e+12
1.255704090492014480e+01 1.552722717968247831e+06 2.410947838894703125e+12
1.257064659884863111e+01 1.554707298416875536e+06 2.417114783750699707e+12
1.258425229277711743e+01 1.556198465329515049e+06 2.421753663493937988e+12
1.259785798670560375e+01 1.558216033675612416e+06 2.428037207603757324e+12
1.261146368063409007e+01 1.560729683302422520e+06 2.435877144341280273e+12
1.262506937456257639e+01 1.563191117739742389e+06 2.443566470580425293e+12
1.263867506849106270e+01 1.566112810288229259e+06 2.452709334548895020e+12
1.265228076241954902e+01 1.569028393608054612e+06 2.461850099948272461e+12
1.266588645634803534e+01 1.571561445687805302e+06 2.469805377572344727e+12
1.267949215027652166e+01 1.574026095349167008e+06 2.477558148840145020e+12
1.269309784420500797e+01 1.576713500155437971e+06 2.486025461572412109e+12
1.270670353813349429e+01 1.579497480558275245e+06 2.494812291089938965e+12
1.272030923206198061e+01 1.582456651527291164e+06 2.504169053962966797e+12
1.273391492599046693e+01 1.585608518364412244e+06 2.514154373509786621e+12
1.274752061991895324e+01 1.588340677273937734e+06 2.522826107083031250e+12
1.276112631384743956e+01 1.590500996521081543e+06 2.529693419934553223e+12
1.277473200777592588e+01 1.592588212071155664e+06 2.536337213228000488e+12
1.278833770170441220e+01 1.594667503541454906e+06 2.542964446851136230e+12
1.280194339563289851e+01 1.596972191120712087e+06 2.550320179212888184e+12
1.281554908956138483e+01 1.600016165655297227e+06 2.560051730358279297e+12
1.282915478348987115e+01 1.602959743934163824e+06 2.569479940673479980e+12
1.284276047741835747e+01 1.605477672483906383e+06 2.577558556844341309e+12
1.285636617134684379e+01 1.607923435703078285e+06 2.585417775083191406e+12
1.286997186527533010e+01 1.609958845987163251e+06 2.591967485772318359e+12
1.288357755920381642e+01 1.611702805421922589e+06 2.597585933004895508e+12
1.289718325313230274e+01 1.613188844267787877e+06 2.602378247270041016e+12
1.291078894706078906e+01 1.614951785397785716e+06 2.608069269159495605e+12
1.292439464098927360e+01 1.617406393254002323e+06 2.616003440938920410e+12
1.293800033491775991e+01 1.620582110102817649e+06 2.626286375585300781e+12
1.295160602884624623e+01 1.624214582019617315e+06 2.638073008445160156e+12
1.296521172277473255e+01 1.628222112835566979e+06 2.651107248726717773e+12
1.297881741670321887e+01 1.632536482740547741e+06 2.665175367478878906e+12
1.299242311063170519e+01 1.636845174915172393e+06 2.679262126643081543e+12
1.300602880456019150e+01 1.641255870663648006e+06 2.693720832987889160e+12
1.301963449848867782e+01 1.645959506179606309e+06 2.709182695983013672e+12
1.303324019241716414e+01 1.651322017980971374e+06 2.726864407068747559e+12
1.304684588634565046e+01 1.656677055345450062e+06 2.744578865708071289e+12
1.306045158027413677e+01 1.661598300082177622e+06 2.760908910835982422e+12
1.307405727420262309e+01 1.666236993500984274e+06 2.776345718511199219e+12
1.308766296813110941e+01 1.670518680934124626e+06 2.790632663349887695e+12
1.310126866205959573e+01 1.674566990608700318e+06 2.804174606036278809e+12
1.311487435598808204e+01 1.678647945269985124e+06 2.817858924159143066e+12
1.312848004991656836e+01 1.683358063986455556e+06 2.833694371588228027e+12
1.314208574384505468e+01 1.688907302039449103e+06 2.852407874882170898e+12
1.315569143777354100e+01 1.695270608763780212e+06 2.873942436938317871e+12
1.316929713170202731e+01 1.702497437761342619e+06 2.898497525583936523e+12
1.318290282563051363e+01 1.710300016228725901e+06 2.925126145511979980e+12
1.319650851955899995e+01 1.718323014495427953e+06 2.952633982144654785e+12
1.321011421348748627e+01 1.726616035462982953e+06 2.981202933917908691e+12
1.322371990741597259e+01 1.735479906769983470e+06 3.011890506802350586e+12
1.323732560134445890e+01 1.744799634307829197e+06 3.044325763880734375e+12
1.325093129527294522e+01 1.754771733215061482e+06 3.079223835690590820e+12
1.326453698920143154e+01 1.766093368653276237e+06 3.119085786801077148e+12
1.327814268312991786e+01 1.779000925137431826e+06 3.164844291639838379e+12
1.329174837705840417e+01 1.793060739816417452e+06 3.215066816670998047e+12
1.330535407098689049e+01 1.808417973411301384e+06 3.270375566557038574e+12
1.331895976491537681e+01 1.825953619937956566e+06 3.334106622164527344e+12
1.333256545884386313e+01 1.846238316910462920e+06 3.408595922828378906e+12
1.334617115277234944e+01 1.869879438480628654e+06 3.496449114452631348e+12
1.335977684670083576e+01 1.898279791785395704e+06 3.603466167900805176e+12
1.337338254062932208e+01 1.933771127667977009e+06 3.739470774202279297e+12
1.338698823455780840e+01 1.980781069908668986e+06 3.923493646908531250e+12
1.340059392848629471e+01 2.050881970545295393e+06 4.206116857107753906e+12
